0 1.000000
1 0.900000
2 0.810000
3 0.729000
4 0.656100
5 0.590490
6 0.531441
7 0.478297
8 0.430467
9 0.387420
10 0.348678
11 0.313811
12 0.282430
13 0.254187
14 0.228768
15 0.205891
16 0.185302
17 0.166772
18 0.150095
19 0.135085
20 0.121577
21 0.109419
22 0.098477
23 0.088629
24 0.079766
25 0.071790
26 0.064611
27 0.058150
28 0.052335
29 0.047101
30 0.042391
31 0.038152
32 0.034337
33 0.030903
34 0.027813
35 0.025032
36 0.022528
37 0.020276
38 0.018248
39 0.016423
40 0.014781
41 0.013303
42 0.011973
43 0.010775
44 0.009698
45 0.008728
46 0.007855
47 0.007070
48 0.006363
49 0.005726
