0 1.000000
1 0.990000
2 0.980100
3 0.970299
4 0.960596
5 0.950990
6 0.941480
7 0.932065
8 0.922745
9 0.913517
10 0.904382
11 0.895338
12 0.886385
13 0.877521
14 0.868746
15 0.860058
16 0.851458
17 0.842943
18 0.834514
19 0.826169
20 0.817907
21 0.809728
22 0.801631
23 0.793614
24 0.785678
25 0.777821
26 0.770043
27 0.762343
28 0.754719
29 0.747172
30 0.739700
31 0.732303
32 0.724980
33 0.717731
34 0.710553
35 0.703448
36 0.696413
37 0.689449
38 0.682555
39 0.675729
40 0.668972
41 0.662282
42 0.655659
43 0.649103
44 0.642612
45 0.636185
46 0.629824
47 0.623525
48 0.617290
49 0.611117
50 0.605006
51 0.598956
52 0.592966
53 0.587037
54 0.581166
55 0.575355
56 0.569601
57 0.563905
58 0.558266
59 0.552683
60 0.547157
61 0.541685
62 0.536268
63 0.530906
64 0.525596
65 0.520341
66 0.515137
67 0.509986
68 0.504886
69 0.499837
70 0.494839
71 0.489890
72 0.484991
73 0.480141
74 0.475340
75 0.470587
76 0.465881
77 0.461222
78 0.456610
79 0.452044
80 0.447523
81 0.443048
82 0.438618
83 0.434231
84 0.429889
85 0.425590
86 0.421334
87 0.417121
88 0.412950
89 0.408820
90 0.404732
91 0.400685
92 0.396678
93 0.392711
94 0.388784
95 0.384896
96 0.381047
97 0.377237
98 0.373464
99 0.369730
100 0.366032
101 0.362372
102 0.358748
103 0.355161
104 0.351609
105 0.348093
106 0.344612
107 0.341166
108 0.337754
109 0.334377
110 0.331033
111 0.327723
112 0.324446
113 0.321201
114 0.317989
115 0.314809
116 0.311661
117 0.308544
118 0.305459
119 0.302404
120 0.299380
121 0.296387
122 0.293423
123 0.290488
124 0.287584
125 0.284708
126 0.281861
127 0.279042
128 0.276252
129 0.273489
130 0.270754
131 0.268047
132 0.265366
133 0.262713
134 0.260085
135 0.257485
136 0.254910
137 0.252361
138 0.249837
139 0.247339
140 0.244865
141 0.242417
142 0.239992
143 0.237593
144 0.235217
145 0.232864
146 0.230536
147 0.228230
148 0.225948
149 0.223689
150 0.221452
151 0.219237
152 0.217045
153 0.214874
154 0.212726
155 0.210598
156 0.208492
157 0.206408
158 0.204343
159 0.202300
160 0.200277
161 0.198274
162 0.196292
163 0.194329
164 0.192385
165 0.190461
166 0.188557
167 0.186671
168 0.184805
169 0.182957
170 0.181127
171 0.179316
172 0.177523
173 0.175747
174 0.173990
175 0.172250
176 0.170527
177 0.168822
178 0.167134
179 0.165463
180 0.163808
181 0.162170
182 0.160548
183 0.158943
184 0.157353
185 0.155780
186 0.154222
187 0.152680
188 0.151153
189 0.149641
190 0.148145
191 0.146664
192 0.145197
193 0.143745
194 0.142307
195 0.140884
196 0.139476
197 0.138081
198 0.136700
199 0.135333
200 0.133980
201 0.132640
202 0.131313
203 0.130000
204 0.128700
205 0.127413
206 0.126139
207 0.124878
208 0.123629
209 0.122393
210 0.121169
211 0.119957
212 0.118758
213 0.117570
214 0.116394
215 0.115230
216 0.114078
217 0.112937
218 0.111808
219 0.110690
220 0.109583
221 0.108487
222 0.107402
223 0.106328
224 0.105265
225 0.104212
226 0.103170
227 0.102138
228 0.101117
229 0.100106
230 0.099105
231 0.098114
232 0.097133
233 0.096161
234 0.095200
235 0.094248
236 0.093305
237 0.092372
238 0.091448
239 0.090534
240 0.089629
241 0.088732
242 0.087845
243 0.086967
244 0.086097
245 0.085236
246 0.084384
247 0.083540
248 0.082704
249 0.081877
250 0.081059
251 0.080248
252 0.079445
253 0.078651
254 0.077864
255 0.077086
256 0.076315
257 0.075552
258 0.074796
259 0.074048
260 0.073308
261 0.072575
262 0.071849
263 0.071131
264 0.070419
265 0.069715
266 0.069018
267 0.068328
268 0.067644
269 0.066968
270 0.066298
271 0.065635
272 0.064979
273 0.064329
274 0.063686
275 0.063049
276 0.062419
277 0.061794
278 0.061176
279 0.060565
280 0.059959
281 0.059359
282 0.058766
283 0.058178
284 0.057596
285 0.057020
286 0.056450
287 0.055886
288 0.055327
289 0.054774
290 0.054226
291 0.053684
292 0.053147
293 0.052615
294 0.052089
295 0.051568
296 0.051053
297 0.050542
298 0.050037
299 0.049536
300 0.049041
301 0.048550
302 0.048065
303 0.047584
304 0.047108
305 0.046637
306 0.046171
307 0.045709
308 0.045252
309 0.044800
310 0.044352
311 0.043908
312 0.043469
313 0.043034
314 0.042604
315 0.042178
316 0.041756
317 0.041339
318 0.040925
319 0.040516
320 0.040111
321 0.039710
322 0.039313
323 0.038920
324 0.038530
325 0.038145
326 0.037764
327 0.037386
328 0.037012
329 0.036642
330 0.036276
331 0.035913
332 0.035554
333 0.035198
334 0.034846
335 0.034498
336 0.034153
337 0.033811
338 0.033473
339 0.033138
340 0.032807
341 0.032479
342 0.032154
343 0.031833
344 0.031514
345 0.031199
346 0.030887
347 0.030578
348 0.030272
349 0.029970
350 0.029670
351 0.029373
352 0.029080
353 0.028789
354 0.028501
355 0.028216
356 0.027934
357 0.027654
358 0.027378
359 0.027104
360 0.026833
361 0.026565
362 0.026299
363 0.026036
364 0.025776
365 0.025518
366 0.025263
367 0.025010
368 0.024760
369 0.024512
370 0.024267
371 0.024025
372 0.023784
373 0.023547
374 0.023311
375 0.023078
376 0.022847
377 0.022619
378 0.022393
379 0.022169
380 0.021947
381 0.021727
382 0.021510
383 0.021295
384 0.021082
385 0.020871
386 0.020663
387 0.020456
388 0.020251
389 0.020049
390 0.019848
391 0.019650
392 0.019453
393 0.019259
394 0.019066
395 0.018876
396 0.018687
397 0.018500
398 0.018315
399 0.018132
400 0.017951
401 0.017771
402 0.017593
403 0.017417
404 0.017243
405 0.017071
406 0.016900
407 0.016731
408 0.016564
409 0.016398
410 0.016234
411 0.016072
412 0.015911
413 0.015752
414 0.015594
415 0.015439
416 0.015284
417 0.015131
418 0.014980
419 0.014830
420 0.014682
421 0.014535
422 0.014390
423 0.014246
424 0.014103
425 0.013962
426 0.013823
427 0.013684
428 0.013548
429 0.013412
430 0.013278
431 0.013145
432 0.013014
433 0.012884
434 0.012755
435 0.012627
436 0.012501
437 0.012376
438 0.012252
439 0.012130
440 0.012008
441 0.011888
442 0.011769
443 0.011652
444 0.011535
445 0.011420
446 0.011306
447 0.011193
448 0.011081
449 0.010970
450 0.010860
451 0.010752
452 0.010644
453 0.010538
454 0.010432
455 0.010328
456 0.010225
457 0.010122
458 0.010021
459 0.009921
460 0.009822
461 0.009724
462 0.009626
463 0.009530
464 0.009435
465 0.009340
466 0.009247
467 0.009155
468 0.009063
469 0.008972
470 0.008883
471 0.008794
472 0.008706
473 0.008619
474 0.008533
475 0.008447
476 0.008363
477 0.008279
478 0.008196
479 0.008114
480 0.008033
481 0.007953
482 0.007873
483 0.007795
484 0.007717
485 0.007640
486 0.007563
487 0.007488
488 0.007413
489 0.007339
490 0.007265
491 0.007193
492 0.007121
493 0.007049
494 0.006979
495 0.006909
496 0.006840
497 0.006772
498 0.006704
499 0.006637
