0 0.000000
1 -0.004837
2 -0.008731
3 -0.011818
4 -0.014220
5 -0.016041
6 -0.017371
7 -0.018288
8 -0.018862
9 -0.019149
10 -0.019201
11 -0.019060
12 -0.018765
13 -0.018345
14 -0.017829
15 -0.017239
16 -0.016594
17 -0.015912
18 -0.015204
19 -0.014483
20 -0.013759
21 -0.013037
22 -0.012326
23 -0.011629
24 -0.010952
25 -0.010295
26 -0.009663
27 -0.009056
28 -0.008475
29 -0.007922
30 -0.007396
31 -0.006897
32 -0.006425
33 -0.005980
34 -0.005560
35 -0.005166
36 -0.004795
37 -0.004448
38 -0.004123
39 -0.003819
40 -0.003535
41 -0.003270
42 -0.003023
43 -0.002793
44 -0.002580
45 -0.002381
46 -0.002197
47 -0.002026
48 -0.001867
49 -0.001720
