0 0.000000
1 -0.000050
2 -0.000099
3 -0.000147
4 -0.000193
5 -0.000239
6 -0.000284
7 -0.000328
8 -0.000372
9 -0.000414
10 -0.000455
11 -0.000496
12 -0.000536
13 -0.000574
14 -0.000612
15 -0.000650
16 -0.000686
17 -0.000722
18 -0.000756
19 -0.000791
20 -0.000824
21 -0.000856
22 -0.000888
23 -0.000919
24 -0.000950
25 -0.000979
26 -0.001008
27 -0.001037
28 -0.001064
29 -0.001091
30 -0.001118
31 -0.001144
32 -0.001169
33 -0.001193
34 -0.001217
35 -0.001240
36 -0.001263
37 -0.001285
38 -0.001307
39 -0.001328
40 -0.001348
41 -0.001368
42 -0.001388
43 -0.001406
44 -0.001425
45 -0.001443
46 -0.001460
47 -0.001477
48 -0.001493
49 -0.001509
50 -0.001525
51 -0.001540
52 -0.001554
53 -0.001568
54 -0.001582
55 -0.001595
56 -0.001608
57 -0.001620
58 -0.001632
59 -0.001644
60 -0.001655
61 -0.001666
62 -0.001676
63 -0.001686
64 -0.001696
65 -0.001705
66 -0.001714
67 -0.001723
68 -0.001731
69 -0.001739
70 -0.001747
71 -0.001754
72 -0.001761
73 -0.001768
74 -0.001774
75 -0.001780
76 -0.001786
77 -0.001791
78 -0.001796
79 -0.001801
80 -0.001806
81 -0.001810
82 -0.001814
83 -0.001818
84 -0.001822
85 -0.001825
86 -0.001828
87 -0.001831
88 -0.001833
89 -0.001836
90 -0.001838
91 -0.001840
92 -0.001841
93 -0.001843
94 -0.001844
95 -0.001845
96 -0.001846
97 -0.001846
98 -0.001847
99 -0.001847
100 -0.001847
101 -0.001847
102 -0.001847
103 -0.001846
104 -0.001845
105 -0.001845
106 -0.001844
107 -0.001842
108 -0.001841
109 -0.001840
110 -0.001838
111 -0.001836
112 -0.001834
113 -0.001832
114 -0.001830
115 -0.001828
116 -0.001825
117 -0.001822
118 -0.001820
119 -0.001817
120 -0.001814
121 -0.001811
122 -0.001807
123 -0.001804
124 -0.001801
125 -0.001797
126 -0.001793
127 -0.001790
128 -0.001786
129 -0.001782
130 -0.001778
131 -0.001773
132 -0.001769
133 -0.001765
134 -0.001760
135 -0.001756
136 -0.001751
137 -0.001746
138 -0.001741
139 -0.001737
140 -0.001732
141 -0.001727
142 -0.001722
143 -0.001716
144 -0.001711
145 -0.001706
146 -0.001700
147 -0.001695
148 -0.001690
149 -0.001684
150 -0.001678
151 -0.001673
152 -0.001667
153 -0.001661
154 -0.001655
155 -0.001650
156 -0.001644
157 -0.001638
158 -0.001632
159 -0.001626
160 -0.001619
161 -0.001613
162 -0.001607
163 -0.001601
164 -0.001595
165 -0.001588
166 -0.001582
167 -0.001576
168 -0.001569
169 -0.001563
170 -0.001557
171 -0.001550
172 -0.001544
173 -0.001537
174 -0.001531
175 -0.001524
176 -0.001517
177 -0.001511
178 -0.001504
179 -0.001498
180 -0.001491
181 -0.001484
182 -0.001478
183 -0.001471
184 -0.001464
185 -0.001457
186 -0.001451
187 -0.001444
188 -0.001437
189 -0.001430
190 -0.001424
191 -0.001417
192 -0.001410
193 -0.001403
194 -0.001396
195 -0.001390
196 -0.001383
197 -0.001376
198 -0.001369
199 -0.001362
200 -0.001356
201 -0.001349
202 -0.001342
203 -0.001335
204 -0.001328
205 -0.001322
206 -0.001315
207 -0.001308
208 -0.001301
209 -0.001294
210 -0.001288
211 -0.001281
212 -0.001274
213 -0.001267
214 -0.001261
215 -0.001254
216 -0.001247
217 -0.001240
218 -0.001234
219 -0.001227
220 -0.001220
221 -0.001214
222 -0.001207
223 -0.001200
224 -0.001194
225 -0.001187
226 -0.001180
227 -0.001174
228 -0.001167
229 -0.001161
230 -0.001154
231 -0.001147
232 -0.001141
233 -0.001134
234 -0.001128
235 -0.001121
236 -0.001115
237 -0.001109
238 -0.001102
239 -0.001096
240 -0.001089
241 -0.001083
242 -0.001077
243 -0.001070
244 -0.001064
245 -0.001058
246 -0.001051
247 -0.001045
248 -0.001039
249 -0.001033
250 -0.001026
251 -0.001020
252 -0.001014
253 -0.001008
254 -0.001002
255 -0.000996
256 -0.000990
257 -0.000984
258 -0.000978
259 -0.000972
260 -0.000966
261 -0.000960
262 -0.000954
263 -0.000948
264 -0.000942
265 -0.000936
266 -0.000930
267 -0.000925
268 -0.000919
269 -0.000913
270 -0.000907
271 -0.000901
272 -0.000896
273 -0.000890
274 -0.000884
275 -0.000879
276 -0.000873
277 -0.000868
278 -0.000862
279 -0.000857
280 -0.000851
281 -0.000846
282 -0.000840
283 -0.000835
284 -0.000829
285 -0.000824
286 -0.000819
287 -0.000813
288 -0.000808
289 -0.000803
290 -0.000797
291 -0.000792
292 -0.000787
293 -0.000782
294 -0.000777
295 -0.000771
296 -0.000766
297 -0.000761
298 -0.000756
299 -0.000751
300 -0.000746
301 -0.000741
302 -0.000736
303 -0.000731
304 -0.000726
305 -0.000722
306 -0.000717
307 -0.000712
308 -0.000707
309 -0.000702
310 -0.000697
311 -0.000693
312 -0.000688
313 -0.000683
314 -0.000679
315 -0.000674
316 -0.000669
317 -0.000665
318 -0.000660
319 -0.000656
320 -0.000651
321 -0.000647
322 -0.000642
323 -0.000638
324 -0.000634
325 -0.000629
326 -0.000625
327 -0.000620
328 -0.000616
329 -0.000612
330 -0.000608
331 -0.000603
332 -0.000599
333 -0.000595
334 -0.000591
335 -0.000587
336 -0.000583
337 -0.000578
338 -0.000574
339 -0.000570
340 -0.000566
341 -0.000562
342 -0.000558
343 -0.000554
344 -0.000550
345 -0.000547
346 -0.000543
347 -0.000539
348 -0.000535
349 -0.000531
350 -0.000527
351 -0.000524
352 -0.000520
353 -0.000516
354 -0.000512
355 -0.000509
356 -0.000505
357 -0.000501
358 -0.000498
359 -0.000494
360 -0.000491
361 -0.000487
362 -0.000484
363 -0.000480
364 -0.000477
365 -0.000473
366 -0.000470
367 -0.000466
368 -0.000463
369 -0.000460
370 -0.000456
371 -0.000453
372 -0.000450
373 -0.000446
374 -0.000443
375 -0.000440
376 -0.000437
377 -0.000433
378 -0.000430
379 -0.000427
380 -0.000424
381 -0.000421
382 -0.000418
383 -0.000415
384 -0.000411
385 -0.000408
386 -0.000405
387 -0.000402
388 -0.000399
389 -0.000396
390 -0.000393
391 -0.000391
392 -0.000388
393 -0.000385
394 -0.000382
395 -0.000379
396 -0.000376
397 -0.000373
398 -0.000371
399 -0.000368
400 -0.000365
401 -0.000362
402 -0.000360
403 -0.000357
404 -0.000354
405 -0.000352
406 -0.000349
407 -0.000346
408 -0.000344
409 -0.000341
410 -0.000339
411 -0.000336
412 -0.000333
413 -0.000331
414 -0.000328
415 -0.000326
416 -0.000323
417 -0.000321
418 -0.000319
419 -0.000316
420 -0.000314
421 -0.000311
422 -0.000309
423 -0.000307
424 -0.000304
425 -0.000302
426 -0.000300
427 -0.000297
428 -0.000295
429 -0.000293
430 -0.000291
431 -0.000288
432 -0.000286
433 -0.000284
434 -0.000282
435 -0.000280
436 -0.000277
437 -0.000275
438 -0.000273
439 -0.000271
440 -0.000269
441 -0.000267
442 -0.000265
443 -0.000263
444 -0.000261
445 -0.000259
446 -0.000257
447 -0.000255
448 -0.000253
449 -0.000251
450 -0.000249
451 -0.000247
452 -0.000245
453 -0.000243
454 -0.000241
455 -0.000239
456 -0.000237
457 -0.000236
458 -0.000234
459 -0.000232
460 -0.000230
461 -0.000228
462 -0.000226
463 -0.000225
464 -0.000223
465 -0.000221
466 -0.000219
467 -0.000218
468 -0.000216
469 -0.000214
470 -0.000213
471 -0.000211
472 -0.000209
473 -0.000208
474 -0.000206
475 -0.000204
476 -0.000203
477 -0.000201
478 -0.000200
479 -0.000198
480 -0.000196
481 -0.000195
482 -0.000193
483 -0.000192
484 -0.000190
485 -0.000189
486 -0.000187
487 -0.000186
488 -0.000184
489 -0.000183
490 -0.000181
491 -0.000180
492 -0.000179
493 -0.000177
494 -0.000176
495 -0.000174
496 -0.000173
497 -0.000172
498 -0.000170
499 -0.000169
