0 0.000000
1 0.000352
2 0.001246
3 0.002503
4 0.004000
5 0.005655
6 0.007413
7 0.009236
8 0.011099
9 0.012983
10 0.014878
11 0.016775
12 0.018667
13 0.020551
14 0.022424
15 0.024283
16 0.026127
17 0.027954
18 0.029764
19 0.031554
20 0.033325
21 0.035075
22 0.036803
23 0.038510
24 0.040193
25 0.041854
26 0.043489
27 0.045101
28 0.046686
29 0.048246
30 0.049779
31 0.051285
32 0.052763
33 0.054213
34 0.055634
35 0.057025
36 0.058387
37 0.059718
38 0.061018
39 0.062286
40 0.063523
41 0.064727
42 0.065898
43 0.067036
44 0.068140
45 0.069210
46 0.070245
47 0.071246
48 0.072211
49 0.073140
50 0.074034
51 0.074891
52 0.075712
53 0.076495
54 0.077241
55 0.077950
56 0.078621
57 0.079254
58 0.079848
59 0.080405
60 0.080922
61 0.081401
62 0.081840
63 0.082241
64 0.082602
65 0.082924
66 0.083206
67 0.083449
68 0.083652
69 0.083815
70 0.083939
71 0.084023
72 0.084067
73 0.084071
74 0.084035
75 0.083960
76 0.083845
77 0.083690
78 0.083496
79 0.083263
80 0.082990
81 0.082678
82 0.082327
83 0.081937
84 0.081508
85 0.081041
86 0.080536
87 0.079993
88 0.079412
89 0.078793
90 0.078137
91 0.077444
92 0.076714
93 0.075949
94 0.075146
95 0.074309
96 0.073436
97 0.072528
98 0.071585
99 0.070608
100 0.069598
101 0.068554
102 0.067477
103 0.066368
104 0.065226
105 0.064054
106 0.062850
107 0.061616
108 0.060351
109 0.059057
110 0.057735
111 0.056384
112 0.055005
113 0.053599
114 0.052166
115 0.050707
116 0.049223
117 0.047713
118 0.046180
119 0.044623
120 0.043043
121 0.041441
122 0.039817
123 0.038172
124 0.036507
125 0.034822
126 0.033118
127 0.031397
128 0.029657
129 0.027901
130 0.026129
131 0.024341
132 0.022539
133 0.020723
134 0.018894
135 0.017053
136 0.015200
137 0.013336
138 0.011462
139 0.009579
140 0.007687
141 0.005787
142 0.003881
143 0.001968
144 0.000050
145 -0.001873
146 -0.003799
147 -0.005729
148 -0.007661
149 -0.009594
150 -0.011528
151 -0.013462
152 -0.015395
153 -0.017327
154 -0.019256
155 -0.021181
156 -0.023103
157 -0.025019
158 -0.026930
159 -0.028835
160 -0.030733
161 -0.032622
162 -0.034503
163 -0.036374
164 -0.038235
165 -0.040085
166 -0.041923
167 -0.043748
168 -0.045561
169 -0.047359
170 -0.049142
171 -0.050910
172 -0.052662
173 -0.054397
174 -0.056114
175 -0.057812
176 -0.059492
177 -0.061152
178 -0.062792
179 -0.064410
180 -0.066007
181 -0.067581
182 -0.069132
183 -0.070659
184 -0.072163
185 -0.073641
186 -0.075093
187 -0.076520
188 -0.077920
189 -0.079292
190 -0.080637
191 -0.081953
192 -0.083240
193 -0.084498
194 -0.085725
195 -0.086922
196 -0.088089
197 -0.089223
198 -0.090326
199 -0.091396
200 -0.092433
201 -0.093438
202 -0.094408
203 -0.095344
204 -0.096246
205 -0.097113
206 -0.097944
207 -0.098740
208 -0.099501
209 -0.100224
210 -0.100912
211 -0.101562
212 -0.102176
213 -0.102752
214 -0.103290
215 -0.103791
216 -0.104253
217 -0.104677
218 -0.105063
219 -0.105410
220 -0.105719
221 -0.105988
222 -0.106219
223 -0.106410
224 -0.106563
225 -0.106676
226 -0.106749
227 -0.106783
228 -0.106778
229 -0.106733
230 -0.106649
231 -0.106526
232 -0.106363
233 -0.106161
234 -0.105919
235 -0.105639
236 -0.105319
237 -0.104961
238 -0.104563
239 -0.104127
240 -0.103653
241 -0.103140
242 -0.102589
243 -0.102000
244 -0.101373
245 -0.100709
246 -0.100007
247 -0.099269
248 -0.098494
249 -0.097683
250 -0.096835
251 -0.095952
252 -0.095034
253 -0.094080
254 -0.093092
255 -0.092069
256 -0.091013
257 -0.089923
258 -0.088800
259 -0.087645
260 -0.086457
261 -0.085238
262 -0.083987
263 -0.082706
264 -0.081394
265 -0.080053
266 -0.078682
267 -0.077283
268 -0.075856
269 -0.074401
270 -0.072919
271 -0.071411
272 -0.069877
273 -0.068318
274 -0.066734
275 -0.065127
276 -0.063495
277 -0.061842
278 -0.060166
279 -0.058469
280 -0.056751
281 -0.055013
282 -0.053256
283 -0.051480
284 -0.049686
285 -0.047875
286 -0.046047
287 -0.044203
288 -0.042345
289 -0.040472
290 -0.038585
291 -0.036686
292 -0.034774
293 -0.032851
294 -0.030917
295 -0.028974
296 -0.027021
297 -0.025060
298 -0.023092
299 -0.021117
300 -0.019136
301 -0.017149
302 -0.015159
303 -0.013164
304 -0.011167
305 -0.009168
306 -0.007167
307 -0.005166
308 -0.003165
309 -0.001166
310 0.000832
311 0.002827
312 0.004818
313 0.006806
314 0.008788
315 0.010764
316 0.012734
317 0.014696
318 0.016651
319 0.018596
320 0.020531
321 0.022456
322 0.024370
323 0.026272
324 0.028161
325 0.030037
326 0.031898
327 0.033745
328 0.035575
329 0.037390
330 0.039187
331 0.040966
332 0.042727
333 0.044468
334 0.046190
335 0.047891
336 0.049570
337 0.051228
338 0.052863
339 0.054475
340 0.056063
341 0.057627
342 0.059165
343 0.060678
344 0.062164
345 0.063623
346 0.065055
347 0.066459
348 0.067834
349 0.069180
350 0.070496
351 0.071782
352 0.073038
353 0.074262
354 0.075455
355 0.076615
356 0.077743
357 0.078838
358 0.079899
359 0.080926
360 0.081919
361 0.082878
362 0.083801
363 0.084689
364 0.085541
365 0.086357
366 0.087136
367 0.087879
368 0.088585
369 0.089253
370 0.089884
371 0.090477
372 0.091032
373 0.091549
374 0.092028
375 0.092467
376 0.092868
377 0.093230
378 0.093553
379 0.093837
380 0.094082
381 0.094287
382 0.094452
383 0.094578
384 0.094664
385 0.094711
386 0.094718
387 0.094686
388 0.094614
389 0.094502
390 0.094351
391 0.094160
392 0.093930
393 0.093661
394 0.093353
395 0.093006
396 0.092619
397 0.092194
398 0.091731
399 0.091229
400 0.090689
401 0.090111
402 0.089496
403 0.088843
404 0.088152
405 0.087425
406 0.086662
407 0.085862
408 0.085026
409 0.084155
410 0.083248
411 0.082307
412 0.081331
413 0.080321
414 0.079277
415 0.078200
416 0.077090
417 0.075948
418 0.074774
419 0.073568
420 0.072332
421 0.071065
422 0.069768
423 0.068442
424 0.067086
425 0.065703
426 0.064292
427 0.062853
428 0.061388
429 0.059897
430 0.058381
431 0.056840
432 0.055274
433 0.053685
434 0.052073
435 0.050439
436 0.048783
437 0.047107
438 0.045410
439 0.043693
440 0.041958
441 0.040204
442 0.038433
443 0.036646
444 0.034842
445 0.033023
446 0.031189
447 0.029342
448 0.027481
449 0.025608
450 0.023723
451 0.021828
452 0.019923
453 0.018008
454 0.016085
455 0.014154
456 0.012216
457 0.010271
458 0.008322
459 0.006368
460 0.004410
461 0.002449
462 0.000485
463 -0.001480
464 -0.003445
465 -0.005411
466 -0.007375
467 -0.009338
468 -0.011298
469 -0.013255
470 -0.015208
471 -0.017156
472 -0.019099
473 -0.021035
474 -0.022964
475 -0.024885
476 -0.026797
477 -0.028699
478 -0.030592
479 -0.032473
480 -0.034343
481 -0.036200
482 -0.038043
483 -0.039873
484 -0.041688
485 -0.043487
486 -0.045270
487 -0.047036
488 -0.048785
489 -0.050515
490 -0.052226
491 -0.053917
492 -0.055588
493 -0.057238
494 -0.058866
495 -0.060472
496 -0.062054
497 -0.063613
498 -0.065148
499 -0.066657
500 -0.068141
501 -0.069599
502 -0.071030
503 -0.072434
504 -0.073810
505 -0.075157
506 -0.076475
507 -0.077764
508 -0.079023
509 -0.080251
510 -0.081449
511 -0.082614
512 -0.083748
513 -0.084849
514 -0.085918
515 -0.086953
516 -0.087954
517 -0.088921
518 -0.089854
519 -0.090751
520 -0.091614
521 -0.092440
522 -0.093231
523 -0.093986
524 -0.094704
525 -0.095385
526 -0.096028
527 -0.096635
528 -0.097203
529 -0.097734
530 -0.098227
531 -0.098681
532 -0.099097
533 -0.099474
534 -0.099813
535 -0.100112
536 -0.100372
537 -0.100594
538 -0.100775
539 -0.100918
540 -0.101021
541 -0.101084
542 -0.101108
543 -0.101093
544 -0.101038
545 -0.100943
546 -0.100809
547 -0.100636
548 -0.100423
549 -0.100171
550 -0.099880
551 -0.099550
552 -0.099181
553 -0.098773
554 -0.098326
555 -0.097841
556 -0.097318
557 -0.096756
558 -0.096157
559 -0.095521
560 -0.094846
561 -0.094135
562 -0.093387
563 -0.092603
564 -0.091782
565 -0.090926
566 -0.090033
567 -0.089106
568 -0.088144
569 -0.087148
570 -0.086117
571 -0.085053
572 -0.083956
573 -0.082826
574 -0.081663
575 -0.080469
576 -0.079243
577 -0.077987
578 -0.076700
579 -0.075383
580 -0.074037
581 -0.072662
582 -0.071259
583 -0.069828
584 -0.068369
585 -0.066885
586 -0.065374
587 -0.063838
588 -0.062277
589 -0.060692
590 -0.059084
591 -0.057452
592 -0.055799
593 -0.054124
594 -0.052428
595 -0.050711
596 -0.048976
597 -0.047221
598 -0.045448
599 -0.043658
600 -0.041851
601 -0.040028
602 -0.038190
603 -0.036337
604 -0.034470
605 -0.032591
606 -0.030699
607 -0.028795
608 -0.026881
609 -0.024956
610 -0.023023
611 -0.021080
612 -0.019130
613 -0.017174
614 -0.015211
615 -0.013242
616 -0.011269
617 -0.009292
618 -0.007312
619 -0.005330
620 -0.003346
621 -0.001362
622 0.000622
623 0.002605
624 0.004587
625 0.006566
626 0.008542
627 0.010514
628 0.012480
