0 0.000000
1 0.000563
2 0.001994
3 0.004002
4 0.006393
5 0.009034
6 0.011832
7 0.014728
8 0.017678
9 0.020652
10 0.023629
11 0.026595
12 0.029537
13 0.032448
14 0.035321
15 0.038150
16 0.040931
17 0.043661
18 0.046334
19 0.048950
20 0.051503
21 0.053992
22 0.056414
23 0.058767
24 0.061047
25 0.063253
26 0.065382
27 0.067433
28 0.069403
29 0.071290
30 0.073092
31 0.074807
32 0.076435
33 0.077972
34 0.079419
35 0.080772
36 0.082031
37 0.083195
38 0.084262
39 0.085232
40 0.086103
41 0.086875
42 0.087546
43 0.088117
44 0.088587
45 0.088954
46 0.089220
47 0.089384
48 0.089444
49 0.089403
50 0.089259
51 0.089013
52 0.088665
53 0.088216
54 0.087665
55 0.087014
56 0.086264
57 0.085415
58 0.084468
59 0.083423
60 0.082283
61 0.081049
62 0.079721
63 0.078301
64 0.076791
65 0.075192
66 0.073506
67 0.071734
68 0.069879
69 0.067943
70 0.065927
71 0.063833
72 0.061664
73 0.059422
74 0.057110
75 0.054729
76 0.052282
77 0.049773
78 0.047202
79 0.044574
80 0.041890
81 0.039154
82 0.036368
83 0.033536
84 0.030660
85 0.027743
86 0.024788
87 0.021799
88 0.018778
89 0.015728
90 0.012653
91 0.009556
92 0.006441
93 0.003309
94 0.000165
95 -0.002988
96 -0.006147
97 -0.009309
98 -0.012470
99 -0.015628
100 -0.018778
101 -0.021917
102 -0.025043
103 -0.028153
104 -0.031242
105 -0.034307
106 -0.037347
107 -0.040356
108 -0.043333
109 -0.046274
110 -0.049176
111 -0.052036
112 -0.054852
113 -0.057619
114 -0.060336
115 -0.063000
116 -0.065607
117 -0.068155
118 -0.070642
119 -0.073065
120 -0.075421
121 -0.077707
122 -0.079923
123 -0.082065
124 -0.084130
125 -0.086118
126 -0.088025
127 -0.089850
128 -0.091591
129 -0.093246
130 -0.094814
131 -0.096292
132 -0.097679
133 -0.098974
134 -0.100176
135 -0.101282
136 -0.102293
137 -0.103206
138 -0.104021
139 -0.104738
140 -0.105354
141 -0.105870
142 -0.106286
143 -0.106600
144 -0.106812
145 -0.106922
146 -0.106930
147 -0.106836
148 -0.106640
149 -0.106341
150 -0.105942
151 -0.105440
152 -0.104839
153 -0.104136
154 -0.103335
155 -0.102434
156 -0.101436
157 -0.100341
158 -0.099150
159 -0.097865
160 -0.096487
161 -0.095016
162 -0.093455
163 -0.091806
164 -0.090069
165 -0.088246
166 -0.086341
167 -0.084353
168 -0.082286
169 -0.080141
170 -0.077921
171 -0.075628
172 -0.073264
173 -0.070831
174 -0.068333
175 -0.065771
176 -0.063148
177 -0.060467
178 -0.057731
179 -0.054941
180 -0.052102
181 -0.049217
182 -0.046287
183 -0.043316
184 -0.040307
185 -0.037262
186 -0.034187
187 -0.031082
188 -0.027951
189 -0.024799
190 -0.021626
191 -0.018438
192 -0.015238
193 -0.012027
194 -0.008810
195 -0.005591
196 -0.002371
197 0.000844
198 0.004053
199 0.007252
200 0.010438
201 0.013607
202 0.016756
203 0.019883
204 0.022983
205 0.026053
206 0.029092
207 0.032094
208 0.035059
209 0.037981
210 0.040859
211 0.043690
212 0.046470
213 0.049197
214 0.051868
215 0.054481
216 0.057032
217 0.059519
218 0.061940
219 0.064292
220 0.066572
221 0.068779
222 0.070910
223 0.072964
224 0.074937
225 0.076828
226 0.078635
227 0.080356
228 0.081990
229 0.083534
230 0.084988
231 0.086350
232 0.087618
233 0.088791
234 0.089868
235 0.090847
236 0.091729
237 0.092512
238 0.093195
239 0.093777
240 0.094259
241 0.094638
242 0.094916
243 0.095092
244 0.095166
245 0.095137
246 0.095006
247 0.094773
248 0.094437
249 0.094001
250 0.093463
251 0.092825
252 0.092086
253 0.091249
254 0.090314
255 0.089281
256 0.088152
257 0.086929
258 0.085611
259 0.084202
260 0.082701
261 0.081112
262 0.079434
263 0.077671
264 0.075823
265 0.073894
266 0.071884
267 0.069796
268 0.067632
269 0.065395
270 0.063086
271 0.060708
272 0.058263
273 0.055754
274 0.053184
275 0.050555
276 0.047870
277 0.045132
278 0.042343
279 0.039506
280 0.036625
281 0.033702
282 0.030740
283 0.027743
284 0.024713
285 0.021653
286 0.018567
287 0.015458
288 0.012329
289 0.009183
290 0.006024
291 0.002855
292 -0.000322
293 -0.003502
294 -0.006683
295 -0.009861
296 -0.013033
297 -0.016195
298 -0.019345
299 -0.022479
300 -0.025594
301 -0.028687
302 -0.031754
303 -0.034792
304 -0.037799
305 -0.040771
306 -0.043705
307 -0.046598
308 -0.049448
309 -0.052250
310 -0.055003
311 -0.057703
312 -0.060348
313 -0.062935
314 -0.065461
315 -0.067924
316 -0.070320
317 -0.072649
318 -0.074907
319 -0.077092
320 -0.079201
321 -0.081233
322 -0.083186
323 -0.085057
324 -0.086844
325 -0.088546
326 -0.090161
327 -0.091687
328 -0.093123
329 -0.094467
330 -0.095718
331 -0.096874
332 -0.097934
333 -0.098898
334 -0.099764
335 -0.100531
336 -0.101198
337 -0.101766
338 -0.102232
339 -0.102597
340 -0.102861
341 -0.103022
342 -0.103082
343 -0.103039
344 -0.102894
345 -0.102647
346 -0.102298
347 -0.101847
348 -0.101296
349 -0.100644
350 -0.099892
351 -0.099041
352 -0.098092
353 -0.097046
354 -0.095903
355 -0.094665
356 -0.093334
357 -0.091910
358 -0.090395
359 -0.088791
360 -0.087099
361 -0.085321
362 -0.083458
363 -0.081514
364 -0.079488
365 -0.077385
366 -0.075205
367 -0.072951
368 -0.070625
369 -0.068231
370 -0.065769
371 -0.063243
372 -0.060655
373 -0.058008
374 -0.055304
375 -0.052547
376 -0.049738
377 -0.046882
378 -0.043981
379 -0.041037
380 -0.038054
381 -0.035036
382 -0.031984
383 -0.028902
384 -0.025793
385 -0.022661
386 -0.019508
387 -0.016339
388 -0.013155
389 -0.009960
390 -0.006758
391 -0.003552
392 -0.000345
393 0.002860
394 0.006059
395 0.009249
396 0.012427
397 0.015590
398 0.018734
399 0.021856
400 0.024953
401 0.028022
402 0.031060
403 0.034064
404 0.037029
405 0.039955
406 0.042837
407 0.045672
408 0.048458
409 0.051193
410 0.053872
411 0.056493
412 0.059054
413 0.061552
414 0.063985
415 0.066349
416 0.068644
417 0.070865
418 0.073011
419 0.075081
420 0.077071
421 0.078979
422 0.080805
423 0.082545
424 0.084198
425 0.085763
426 0.087237
427 0.088620
428 0.089910
429 0.091105
430 0.092205
431 0.093208
432 0.094113
433 0.094920
434 0.095627
435 0.096234
436 0.096740
437 0.097145
438 0.097448
439 0.097649
440 0.097748
441 0.097744
442 0.097638
443 0.097430
444 0.097120
445 0.096709
446 0.096196
447 0.095582
448 0.094869
449 0.094056
450 0.093145
451 0.092136
452 0.091031
453 0.089830
454 0.088536
455 0.087148
456 0.085669
457 0.084101
458 0.082444
459 0.080701
460 0.078873
461 0.076962
462 0.074970
463 0.072900
464 0.070753
465 0.068531
466 0.066238
467 0.063874
468 0.061443
469 0.058947
470 0.056389
471 0.053771
472 0.051096
473 0.048367
474 0.045586
475 0.042757
476 0.039882
477 0.036964
478 0.034006
479 0.031012
480 0.027984
481 0.024925
482 0.021839
483 0.018729
484 0.015598
485 0.012449
486 0.009285
487 0.006110
488 0.002927
489 -0.000261
490 -0.003450
491 -0.006638
492 -0.009821
493 -0.012996
494 -0.016159
495 -0.019307
496 -0.022437
497 -0.025547
498 -0.028631
499 -0.031688
500 -0.034715
501 -0.037708
502 -0.040664
503 -0.043580
504 -0.046453
505 -0.049280
506 -0.052058
507 -0.054785
508 -0.057458
509 -0.060073
510 -0.062629
511 -0.065122
512 -0.067550
513 -0.069910
514 -0.072201
515 -0.074419
516 -0.076563
517 -0.078630
518 -0.080619
519 -0.082526
520 -0.084350
521 -0.086090
522 -0.087743
523 -0.089308
524 -0.090783
525 -0.092167
526 -0.093457
527 -0.094654
528 -0.095756
529 -0.096760
530 -0.097668
531 -0.098477
532 -0.099186
533 -0.099796
534 -0.100305
535 -0.100713
536 -0.101019
537 -0.101223
538 -0.101326
539 -0.101325
540 -0.101223
541 -0.101019
542 -0.100712
543 -0.100304
544 -0.099795
545 -0.099185
546 -0.098475
547 -0.097665
548 -0.096757
549 -0.095751
550 -0.094649
551 -0.093451
552 -0.092159
553 -0.090774
554 -0.089298
555 -0.087731
556 -0.086076
557 -0.084334
558 -0.082508
559 -0.080598
560 -0.078607
561 -0.076537
562 -0.074390
563 -0.072168
564 -0.069874
565 -0.067509
566 -0.065077
567 -0.062579
568 -0.060019
569 -0.057398
570 -0.054720
571 -0.051987
572 -0.049203
573 -0.046369
574 -0.043489
575 -0.040566
576 -0.037603
577 -0.034602
578 -0.031568
579 -0.028502
580 -0.025408
581 -0.022290
582 -0.019150
583 -0.015992
584 -0.012818
585 -0.009633
586 -0.006439
587 -0.003240
588 -0.000039
589 0.003162
590 0.006357
591 0.009545
592 0.012722
593 0.015885
594 0.019030
595 0.022155
596 0.025256
597 0.028329
598 0.031373
599 0.034383
600 0.037357
601 0.040291
602 0.043183
603 0.046030
604 0.048828
605 0.051576
606 0.054269
607 0.056905
608 0.059482
609 0.061998
610 0.064448
611 0.066831
612 0.069145
613 0.071387
614 0.073555
615 0.075646
616 0.077659
617 0.079591
618 0.081441
619 0.083206
620 0.084884
621 0.086475
622 0.087976
623 0.089386
624 0.090704
625 0.091927
626 0.093056
627 0.094088
628 0.095022
