0 0.000000
1 0.000704
2 0.002492
3 0.005001
4 0.007984
5 0.011275
6 0.014758
7 0.018353
8 0.022005
9 0.025675
10 0.029335
11 0.032963
12 0.036543
13 0.040063
14 0.043514
15 0.046885
16 0.050170
17 0.053363
18 0.056456
19 0.059446
20 0.062325
21 0.065091
22 0.067737
23 0.070261
24 0.072657
25 0.074922
26 0.077052
27 0.079044
28 0.080896
29 0.082603
30 0.084163
31 0.085574
32 0.086833
33 0.087939
34 0.088890
35 0.089685
36 0.090321
37 0.090799
38 0.091117
39 0.091276
40 0.091274
41 0.091112
42 0.090791
43 0.090310
44 0.089671
45 0.088875
46 0.087923
47 0.086816
48 0.085557
49 0.084148
50 0.082590
51 0.080887
52 0.079041
53 0.077055
54 0.074933
55 0.072677
56 0.070292
57 0.067781
58 0.065149
59 0.062400
60 0.059537
61 0.056567
62 0.053493
63 0.050320
64 0.047055
65 0.043701
66 0.040265
67 0.036752
68 0.033167
69 0.029517
70 0.025807
71 0.022043
72 0.018232
73 0.014379
74 0.010491
75 0.006574
76 0.002634
77 -0.001322
78 -0.005288
79 -0.009258
80 -0.013225
81 -0.017182
82 -0.021124
83 -0.025044
84 -0.028936
85 -0.032793
86 -0.036610
87 -0.040380
88 -0.044096
89 -0.047754
90 -0.051346
91 -0.054869
92 -0.058314
93 -0.061678
94 -0.064954
95 -0.068138
96 -0.071224
97 -0.074208
98 -0.077083
99 -0.079847
100 -0.082494
101 -0.085019
102 -0.087420
103 -0.089692
104 -0.091831
105 -0.093835
106 -0.095698
107 -0.097420
108 -0.098996
109 -0.100425
110 -0.101704
111 -0.102830
112 -0.103803
113 -0.104620
114 -0.105280
115 -0.105782
116 -0.106125
117 -0.106308
118 -0.106332
119 -0.106196
120 -0.105901
121 -0.105446
122 -0.104832
123 -0.104061
124 -0.103134
125 -0.102051
126 -0.100815
127 -0.099428
128 -0.097891
129 -0.096208
130 -0.094381
131 -0.092412
132 -0.090306
133 -0.088064
134 -0.085691
135 -0.083191
136 -0.080567
137 -0.077824
138 -0.074966
139 -0.071997
140 -0.068923
141 -0.065748
142 -0.062477
143 -0.059115
144 -0.055668
145 -0.052141
146 -0.048540
147 -0.044870
148 -0.041137
149 -0.037348
150 -0.033508
151 -0.029624
152 -0.025701
153 -0.021746
154 -0.017765
155 -0.013765
156 -0.009751
157 -0.005730
158 -0.001709
159 0.002306
160 0.006308
161 0.010292
162 0.014251
163 0.018179
164 0.022068
165 0.025914
166 0.029711
167 0.033451
168 0.037129
169 0.040739
170 0.044276
171 0.047734
172 0.051107
173 0.054391
174 0.057579
175 0.060666
176 0.063649
177 0.066521
178 0.069280
179 0.071919
180 0.074435
181 0.076824
182 0.079083
183 0.081206
184 0.083192
185 0.085038
186 0.086739
187 0.088294
188 0.089700
189 0.090954
190 0.092055
191 0.093002
192 0.093792
193 0.094424
194 0.094898
195 0.095213
196 0.095367
197 0.095362
198 0.095196
199 0.094871
200 0.094387
201 0.093744
202 0.092944
203 0.091988
204 0.090878
205 0.089615
206 0.088202
207 0.086640
208 0.084932
209 0.083082
210 0.081091
211 0.078964
212 0.076703
213 0.074313
214 0.071796
215 0.069158
216 0.066403
217 0.063534
218 0.060557
219 0.057476
220 0.054296
221 0.051023
222 0.047661
223 0.044216
224 0.040694
225 0.037100
226 0.033440
227 0.029720
228 0.025946
229 0.022124
230 0.018260
231 0.014360
232 0.010430
233 0.006478
234 0.002508
235 -0.001471
236 -0.005455
237 -0.009436
238 -0.013409
239 -0.017367
240 -0.021302
241 -0.025211
242 -0.029085
243 -0.032918
244 -0.036706
245 -0.040440
246 -0.044116
247 -0.047728
248 -0.051269
249 -0.054735
250 -0.058119
251 -0.061415
252 -0.064620
253 -0.067727
254 -0.070732
255 -0.073629
256 -0.076415
257 -0.079084
258 -0.081633
259 -0.084057
260 -0.086352
261 -0.088514
262 -0.090541
263 -0.092429
264 -0.094175
265 -0.095775
266 -0.097228
267 -0.098531
268 -0.099682
269 -0.100680
270 -0.101521
271 -0.102206
272 -0.102733
273 -0.103101
274 -0.103309
275 -0.103358
276 -0.103247
277 -0.102976
278 -0.102546
279 -0.101956
280 -0.101210
281 -0.100306
282 -0.099248
283 -0.098036
284 -0.096672
285 -0.095159
286 -0.093499
287 -0.091694
288 -0.089748
289 -0.087664
290 -0.085444
291 -0.083093
292 -0.080614
293 -0.078011
294 -0.075289
295 -0.072451
296 -0.069502
297 -0.066447
298 -0.063290
299 -0.060038
300 -0.056694
301 -0.053264
302 -0.049754
303 -0.046169
304 -0.042516
305 -0.038799
306 -0.035024
307 -0.031199
308 -0.027328
309 -0.023419
310 -0.019477
311 -0.015508
312 -0.011519
313 -0.007517
314 -0.003507
315 0.000504
316 0.004510
317 0.008503
318 0.012479
319 0.016430
320 0.020350
321 0.024233
322 0.028073
323 0.031863
324 0.035598
325 0.039272
326 0.042878
327 0.046411
328 0.049866
329 0.053236
330 0.056517
331 0.059703
332 0.062790
333 0.065771
334 0.068643
335 0.071401
336 0.074041
337 0.076557
338 0.078948
339 0.081207
340 0.083333
341 0.085320
342 0.087168
343 0.088871
344 0.090429
345 0.091838
346 0.093095
347 0.094200
348 0.095150
349 0.095943
350 0.096579
351 0.097057
352 0.097375
353 0.097534
354 0.097532
355 0.097371
356 0.097050
357 0.096569
358 0.095931
359 0.095135
360 0.094183
361 0.093076
362 0.091817
363 0.090407
364 0.088848
365 0.087144
366 0.085296
367 0.083308
368 0.081183
369 0.078925
370 0.076536
371 0.074022
372 0.071385
373 0.068631
374 0.065763
375 0.062786
376 0.059705
377 0.056525
378 0.053251
379 0.049888
380 0.046442
381 0.042918
382 0.039322
383 0.035659
384 0.031936
385 0.028158
386 0.024331
387 0.020463
388 0.016558
389 0.012623
390 0.008664
391 0.004689
392 0.000702
393 -0.003289
394 -0.007278
395 -0.011259
396 -0.015226
397 -0.019171
398 -0.023089
399 -0.026973
400 -0.030818
401 -0.034616
402 -0.038362
403 -0.042050
404 -0.045674
405 -0.049229
406 -0.052708
407 -0.056105
408 -0.059416
409 -0.062635
410 -0.065757
411 -0.068778
412 -0.071691
413 -0.074492
414 -0.077178
415 -0.079743
416 -0.082184
417 -0.084496
418 -0.086676
419 -0.088721
420 -0.090626
421 -0.092390
422 -0.094009
423 -0.095480
424 -0.096802
425 -0.097972
426 -0.098988
427 -0.099849
428 -0.100552
429 -0.101098
430 -0.101485
431 -0.101713
432 -0.101781
433 -0.101689
434 -0.101437
435 -0.101025
436 -0.100455
437 -0.099727
438 -0.098843
439 -0.097803
440 -0.096609
441 -0.095263
442 -0.093768
443 -0.092126
444 -0.090339
445 -0.088410
446 -0.086343
447 -0.084140
448 -0.081805
449 -0.079342
450 -0.076755
451 -0.074048
452 -0.071224
453 -0.068290
454 -0.065249
455 -0.062106
456 -0.058867
457 -0.055536
458 -0.052118
459 -0.048620
460 -0.045047
461 -0.041404
462 -0.037698
463 -0.033934
464 -0.030118
465 -0.026256
466 -0.022355
467 -0.018421
468 -0.014459
469 -0.010477
470 -0.006481
471 -0.002477
472 0.001529
473 0.005529
474 0.009519
475 0.013491
476 0.017438
477 0.021356
478 0.025237
479 0.029075
480 0.032864
481 0.036598
482 0.040272
483 0.043879
484 0.047413
485 0.050869
486 0.054241
487 0.057524
488 0.060713
489 0.063802
490 0.066787
491 0.069663
492 0.072425
493 0.075069
494 0.077591
495 0.079986
496 0.082251
497 0.084383
498 0.086377
499 0.088231
500 0.089941
501 0.091505
502 0.092921
503 0.094186
504 0.095298
505 0.096255
506 0.097057
507 0.097701
508 0.098186
509 0.098513
510 0.098679
511 0.098686
512 0.098533
513 0.098220
514 0.097747
515 0.097117
516 0.096328
517 0.095384
518 0.094285
519 0.093034
520 0.091631
521 0.090080
522 0.088382
523 0.086542
524 0.084560
525 0.082442
526 0.080190
527 0.077807
528 0.075298
529 0.072667
530 0.069917
531 0.067054
532 0.064081
533 0.061004
534 0.057827
535 0.054556
536 0.051196
537 0.047752
538 0.044230
539 0.040635
540 0.036974
541 0.033251
542 0.029473
543 0.025646
544 0.021777
545 0.017870
546 0.013933
547 0.009973
548 0.005994
549 0.002004
550 -0.001991
551 -0.005985
552 -0.009970
553 -0.013942
554 -0.017893
555 -0.021817
556 -0.025708
557 -0.029560
558 -0.033366
559 -0.037121
560 -0.040817
561 -0.044451
562 -0.048015
563 -0.051503
564 -0.054911
565 -0.058233
566 -0.061464
567 -0.064597
568 -0.067629
569 -0.070555
570 -0.073369
571 -0.076068
572 -0.078646
573 -0.081101
574 -0.083427
575 -0.085621
576 -0.087680
577 -0.089601
578 -0.091379
579 -0.093013
580 -0.094500
581 -0.095837
582 -0.097023
583 -0.098055
584 -0.098931
585 -0.099651
586 -0.100213
587 -0.100616
588 -0.100860
589 -0.100944
590 -0.100868
591 -0.100632
592 -0.100237
593 -0.099683
594 -0.098970
595 -0.098101
596 -0.097077
597 -0.095899
598 -0.094569
599 -0.093088
600 -0.091461
601 -0.089689
602 -0.087774
603 -0.085721
604 -0.083532
605 -0.081211
606 -0.078761
607 -0.076187
608 -0.073492
609 -0.070681
610 -0.067758
611 -0.064729
612 -0.061597
613 -0.058368
614 -0.055047
615 -0.051640
616 -0.048151
617 -0.044587
618 -0.040952
619 -0.037254
620 -0.033497
621 -0.029688
622 -0.025832
623 -0.021937
624 -0.018008
625 -0.014052
626 -0.010074
627 -0.006082
628 -0.002081
