0 0.000000
1 0.000844
2 0.002989
3 0.005997
4 0.009570
5 0.013505
6 0.017661
7 0.021940
8 0.026271
9 0.030606
10 0.034907
11 0.039146
12 0.043301
13 0.047354
14 0.051291
15 0.055099
16 0.058767
17 0.062284
18 0.065641
19 0.068831
20 0.071844
21 0.074675
22 0.077315
23 0.079760
24 0.082004
25 0.084040
26 0.085866
27 0.087475
28 0.088866
29 0.090034
30 0.090977
31 0.091693
32 0.092181
33 0.092439
34 0.092466
35 0.092263
36 0.091831
37 0.091169
38 0.090281
39 0.089168
40 0.087833
41 0.086278
42 0.084508
43 0.082526
44 0.080338
45 0.077948
46 0.075362
47 0.072586
48 0.069627
49 0.066490
50 0.063185
51 0.059717
52 0.056096
53 0.052330
54 0.048427
55 0.044397
56 0.040248
57 0.035991
58 0.031636
59 0.027192
60 0.022669
61 0.018079
62 0.013432
63 0.008739
64 0.004010
65 -0.000744
66 -0.005511
67 -0.010280
68 -0.015041
69 -0.019783
70 -0.024493
71 -0.029162
72 -0.033779
73 -0.038333
74 -0.042813
75 -0.047210
76 -0.051512
77 -0.055710
78 -0.059794
79 -0.063755
80 -0.067584
81 -0.071271
82 -0.074808
83 -0.078187
84 -0.081401
85 -0.084440
86 -0.087300
87 -0.089972
88 -0.092450
89 -0.094730
90 -0.096806
91 -0.098672
92 -0.100324
93 -0.101759
94 -0.102973
95 -0.103964
96 -0.104728
97 -0.105265
98 -0.105573
99 -0.105651
100 -0.105498
101 -0.105116
102 -0.104505
103 -0.103666
104 -0.102602
105 -0.101314
106 -0.099805
107 -0.098080
108 -0.096142
109 -0.093995
110 -0.091644
111 -0.089094
112 -0.086353
113 -0.083424
114 -0.080317
115 -0.077036
116 -0.073591
117 -0.069988
118 -0.066237
119 -0.062345
120 -0.058322
121 -0.054177
122 -0.049919
123 -0.045558
124 -0.041104
125 -0.036568
126 -0.031959
127 -0.027289
128 -0.022567
129 -0.017806
130 -0.013015
131 -0.008206
132 -0.003389
133 0.001423
134 0.006221
135 0.010993
136 0.015728
137 0.020416
138 0.025045
139 0.029605
140 0.034085
141 0.038476
142 0.042767
143 0.046948
144 0.051010
145 0.054944
146 0.058740
147 0.062389
148 0.065884
149 0.069217
150 0.072379
151 0.075363
152 0.078163
153 0.080773
154 0.083185
155 0.085396
156 0.087399
157 0.089190
158 0.090766
159 0.092121
160 0.093254
161 0.094162
162 0.094843
163 0.095295
164 0.095517
165 0.095509
166 0.095271
167 0.094803
168 0.094107
169 0.093184
170 0.092036
171 0.090667
172 0.089078
173 0.087275
174 0.085260
175 0.083040
176 0.080618
177 0.078001
178 0.075195
179 0.072205
180 0.069040
181 0.065706
182 0.062212
183 0.058564
184 0.054772
185 0.050845
186 0.046791
187 0.042620
188 0.038341
189 0.033965
190 0.029502
191 0.024961
192 0.020353
193 0.015690
194 0.010982
195 0.006239
196 0.001472
197 -0.003306
198 -0.008086
199 -0.012856
200 -0.017606
201 -0.022324
202 -0.026999
203 -0.031620
204 -0.036178
205 -0.040661
206 -0.045059
207 -0.049361
208 -0.053559
209 -0.057641
210 -0.061600
211 -0.065425
212 -0.069107
213 -0.072639
214 -0.076012
215 -0.079219
216 -0.082251
217 -0.085101
218 -0.087764
219 -0.090233
220 -0.092503
221 -0.094567
222 -0.096422
223 -0.098062
224 -0.099485
225 -0.100687
226 -0.101664
227 -0.102416
228 -0.102939
229 -0.103233
230 -0.103298
231 -0.103132
232 -0.102736
233 -0.102111
234 -0.101259
235 -0.100181
236 -0.098880
237 -0.097359
238 -0.095622
239 -0.093671
240 -0.091513
241 -0.089151
242 -0.086591
243 -0.083839
244 -0.080902
245 -0.077785
246 -0.074497
247 -0.071044
248 -0.067435
249 -0.063678
250 -0.059782
251 -0.055755
252 -0.051606
253 -0.047346
254 -0.042984
255 -0.038530
256 -0.033995
257 -0.029388
258 -0.024721
259 -0.020003
260 -0.015246
261 -0.010462
262 -0.005659
263 -0.000851
264 0.003952
265 0.008739
266 0.013500
267 0.018223
268 0.022897
269 0.027511
270 0.032055
271 0.036519
272 0.040893
273 0.045165
274 0.049327
275 0.053369
276 0.057281
277 0.061054
278 0.064681
279 0.068152
280 0.071460
281 0.074597
282 0.077556
283 0.080329
284 0.082912
285 0.085297
286 0.087479
287 0.089453
288 0.091216
289 0.092762
290 0.094088
291 0.095191
292 0.096069
293 0.096719
294 0.097141
295 0.097333
296 0.097294
297 0.097026
298 0.096528
299 0.095802
300 0.094849
301 0.093671
302 0.092273
303 0.090655
304 0.088823
305 0.086781
306 0.084533
307 0.082085
308 0.079441
309 0.076609
310 0.073595
311 0.070406
312 0.067049
313 0.063531
314 0.059862
315 0.056050
316 0.052102
317 0.048030
318 0.043841
319 0.039545
320 0.035153
321 0.030675
322 0.026121
323 0.021501
324 0.016826
325 0.012107
326 0.007355
327 0.002580
328 -0.002206
329 -0.006991
330 -0.011766
331 -0.016519
332 -0.021240
333 -0.025916
334 -0.030538
335 -0.035095
336 -0.039576
337 -0.043971
338 -0.048269
339 -0.052462
340 -0.056539
341 -0.060490
342 -0.064307
343 -0.067981
344 -0.071504
345 -0.074866
346 -0.078061
347 -0.081081
348 -0.083919
349 -0.086569
350 -0.089024
351 -0.091279
352 -0.093329
353 -0.095168
354 -0.096792
355 -0.098199
356 -0.099384
357 -0.100345
358 -0.101079
359 -0.101585
360 -0.101862
361 -0.101908
362 -0.101725
363 -0.101312
364 -0.100670
365 -0.099800
366 -0.098706
367 -0.097388
368 -0.095850
369 -0.094097
370 -0.092131
371 -0.089957
372 -0.087580
373 -0.085006
374 -0.082241
375 -0.079290
376 -0.076161
377 -0.072861
378 -0.069398
379 -0.065779
380 -0.062013
381 -0.058108
382 -0.054073
383 -0.049919
384 -0.045653
385 -0.041286
386 -0.036829
387 -0.032291
388 -0.027682
389 -0.023014
390 -0.018297
391 -0.013542
392 -0.008760
393 -0.003962
394 0.000841
395 0.005639
396 0.010419
397 0.015171
398 0.019885
399 0.024548
400 0.029152
401 0.033684
402 0.038134
403 0.042493
404 0.046750
405 0.050896
406 0.054920
407 0.058814
408 0.062569
409 0.066176
410 0.069626
411 0.072913
412 0.076027
413 0.078963
414 0.081713
415 0.084272
416 0.086632
417 0.088789
418 0.090738
419 0.092475
420 0.093994
421 0.095294
422 0.096370
423 0.097221
424 0.097844
425 0.098238
426 0.098403
427 0.098337
428 0.098041
429 0.097516
430 0.096763
431 0.095783
432 0.094579
433 0.093154
434 0.091511
435 0.089653
436 0.087586
437 0.085314
438 0.082841
439 0.080175
440 0.077320
441 0.074284
442 0.071073
443 0.067696
444 0.064159
445 0.060471
446 0.056641
447 0.052676
448 0.048588
449 0.044384
450 0.040074
451 0.035669
452 0.031179
453 0.026614
454 0.021984
455 0.017300
456 0.012573
457 0.007815
458 0.003035
459 -0.001755
460 -0.006544
461 -0.011321
462 -0.016075
463 -0.020795
464 -0.025470
465 -0.030090
466 -0.034643
467 -0.039120
468 -0.043509
469 -0.047801
470 -0.051986
471 -0.056054
472 -0.059996
473 -0.063803
474 -0.067466
475 -0.070976
476 -0.074325
477 -0.077507
478 -0.080512
479 -0.083335
480 -0.085969
481 -0.088408
482 -0.090646
483 -0.092678
484 -0.094499
485 -0.096105
486 -0.097493
487 -0.098659
488 -0.099601
489 -0.100315
490 -0.100802
491 -0.101059
492 -0.101086
493 -0.100882
494 -0.100450
495 -0.099788
496 -0.098899
497 -0.097785
498 -0.096448
499 -0.094892
500 -0.093120
501 -0.091136
502 -0.088945
503 -0.086552
504 -0.083961
505 -0.081180
506 -0.078214
507 -0.075071
508 -0.071758
509 -0.068281
510 -0.064650
511 -0.060873
512 -0.056957
513 -0.052914
514 -0.048750
515 -0.044477
516 -0.040104
517 -0.035641
518 -0.031098
519 -0.026486
520 -0.021816
521 -0.017097
522 -0.012342
523 -0.007561
524 -0.002765
525 0.002036
526 0.006829
527 0.011604
528 0.016350
529 0.021056
530 0.025712
531 0.030305
532 0.034827
533 0.039266
534 0.043612
535 0.047856
536 0.051987
537 0.055996
538 0.059874
539 0.063611
540 0.067200
541 0.070632
542 0.073898
543 0.076993
544 0.079908
545 0.082636
546 0.085172
547 0.087510
548 0.089644
549 0.091569
550 0.093281
551 0.094776
552 0.096051
553 0.097102
554 0.097928
555 0.098525
556 0.098894
557 0.099033
558 0.098942
559 0.098620
560 0.098070
561 0.097291
562 0.096286
563 0.095058
564 0.093608
565 0.091941
566 0.090060
567 0.087969
568 0.085674
569 0.083179
570 0.080491
571 0.077616
572 0.074559
573 0.071329
574 0.067933
575 0.064378
576 0.060673
577 0.056827
578 0.052847
579 0.048744
580 0.044527
581 0.040205
582 0.035789
583 0.031288
584 0.026714
585 0.022076
586 0.017385
587 0.012652
588 0.007889
589 0.003105
590 -0.001687
591 -0.006478
592 -0.011255
593 -0.016009
594 -0.020727
595 -0.025399
596 -0.030015
597 -0.034563
598 -0.039033
599 -0.043415
600 -0.047699
601 -0.051875
602 -0.055933
603 -0.059864
604 -0.063659
605 -0.067309
606 -0.070805
607 -0.074140
608 -0.077306
609 -0.080296
610 -0.083103
611 -0.085719
612 -0.088140
613 -0.090360
614 -0.092373
615 -0.094174
616 -0.095761
617 -0.097129
618 -0.098274
619 -0.099195
620 -0.099889
621 -0.100354
622 -0.100590
623 -0.100596
624 -0.100372
625 -0.099918
626 -0.099235
627 -0.098325
628 -0.097191
