0 0.000000
1 0.000000
2 0.000000
3 0.000001
4 0.000002
5 0.000004
6 0.000007
7 0.000010
8 0.000014
9 0.000019
10 0.000025
11 0.000031
12 0.000038
13 0.000046
14 0.000055
15 0.000064
16 0.000074
17 0.000085
18 0.000096
19 0.000109
20 0.000122
21 0.000135
22 0.000150
23 0.000165
24 0.000180
25 0.000197
26 0.000214
27 0.000232
28 0.000250
29 0.000269
30 0.000289
31 0.000309
32 0.000330
33 0.000351
34 0.000373
35 0.000396
36 0.000419
37 0.000442
38 0.000466
39 0.000491
40 0.000516
41 0.000542
42 0.000568
43 0.000595
44 0.000622
45 0.000649
46 0.000677
47 0.000705
48 0.000734
49 0.000763
50 0.000792
51 0.000822
52 0.000852
53 0.000883
54 0.000914
55 0.000945
56 0.000976
57 0.001007
58 0.001039
59 0.001071
60 0.001104
61 0.001136
62 0.001169
63 0.001202
64 0.001235
65 0.001268
66 0.001301
67 0.001334
68 0.001368
69 0.001401
70 0.001435
71 0.001468
72 0.001502
73 0.001536
74 0.001569
75 0.001603
76 0.001636
77 0.001670
78 0.001703
79 0.001737
80 0.001770
81 0.001803
82 0.001836
83 0.001869
84 0.001902
85 0.001934
86 0.001966
87 0.001998
88 0.002030
89 0.002062
90 0.002093
91 0.002125
92 0.002155
93 0.002186
94 0.002216
95 0.002246
96 0.002276
97 0.002305
98 0.002334
99 0.002362
100 0.002390
101 0.002418
102 0.002445
103 0.002472
104 0.002498
105 0.002524
106 0.002549
107 0.002574
108 0.002598
109 0.002622
110 0.002646
111 0.002669
112 0.002691
113 0.002713
114 0.002734
115 0.002754
116 0.002774
117 0.002794
118 0.002812
119 0.002831
120 0.002848
121 0.002865
122 0.002881
123 0.002897
124 0.002912
125 0.002926
126 0.002940
127 0.002953
128 0.002965
129 0.002976
130 0.002987
131 0.002997
132 0.003007
133 0.003015
134 0.003023
135 0.003030
136 0.003037
137 0.003043
138 0.003047
139 0.003052
140 0.003055
141 0.003058
142 0.003060
143 0.003061
144 0.003061
145 0.003061
146 0.003060
147 0.003058
148 0.003055
149 0.003052
150 0.003048
151 0.003043
152 0.003037
153 0.003030
154 0.003023
155 0.003015
156 0.003006
157 0.002996
158 0.002986
159 0.002975
160 0.002963
161 0.002950
162 0.002937
163 0.002923
164 0.002908
165 0.002892
166 0.002876
167 0.002859
168 0.002841
169 0.002822
170 0.002803
171 0.002783
172 0.002762
173 0.002741
174 0.002719
175 0.002696
176 0.002672
177 0.002648
178 0.002623
179 0.002598
180 0.002572
181 0.002545
182 0.002518
183 0.002490
184 0.002461
185 0.002432
186 0.002402
187 0.002372
188 0.002341
189 0.002310
190 0.002278
191 0.002245
192 0.002212
193 0.002179
194 0.002145
195 0.002110
196 0.002075
197 0.002040
198 0.002004
199 0.001967
200 0.001931
201 0.001893
202 0.001856
203 0.001818
204 0.001780
205 0.001741
206 0.001702
207 0.001662
208 0.001623
209 0.001583
210 0.001543
211 0.001502
212 0.001461
213 0.001420
214 0.001379
215 0.001338
216 0.001296
217 0.001254
218 0.001212
219 0.001170
220 0.001128
221 0.001086
222 0.001043
223 0.001001
224 0.000958
225 0.000916
226 0.000873
227 0.000830
228 0.000787
229 0.000745
230 0.000702
231 0.000659
232 0.000617
233 0.000574
234 0.000532
235 0.000490
236 0.000447
237 0.000405
238 0.000363
239 0.000322
240 0.000280
241 0.000239
242 0.000198
243 0.000157
244 0.000116
245 0.000076
246 0.000036
247 -0.000004
248 -0.000044
249 -0.000083
250 -0.000122
251 -0.000161
252 -0.000199
253 -0.000237
254 -0.000274
255 -0.000311
256 -0.000348
257 -0.000384
258 -0.000420
259 -0.000455
260 -0.000490
261 -0.000524
262 -0.000558
263 -0.000591
264 -0.000624
265 -0.000656
266 -0.000688
267 -0.000719
268 -0.000750
269 -0.000780
270 -0.000809
271 -0.000838
272 -0.000867
273 -0.000894
274 -0.000921
275 -0.000948
276 -0.000973
277 -0.000998
278 -0.001023
279 -0.001047
280 -0.001070
281 -0.001092
282 -0.001114
283 -0.001135
284 -0.001155
285 -0.001174
286 -0.001193
287 -0.001211
288 -0.001228
289 -0.001245
290 -0.001261
291 -0.001276
292 -0.001290
293 -0.001304
294 -0.001316
295 -0.001328
296 -0.001340
297 -0.001350
298 -0.001360
299 -0.001369
300 -0.001377
301 -0.001384
302 -0.001390
303 -0.001396
304 -0.001401
305 -0.001405
306 -0.001408
307 -0.001411
308 -0.001412
309 -0.001413
310 -0.001413
311 -0.001412
312 -0.001411
313 -0.001409
314 -0.001406
315 -0.001402
316 -0.001397
317 -0.001391
318 -0.001385
319 -0.001378
320 -0.001370
321 -0.001362
322 -0.001352
323 -0.001342
324 -0.001331
325 -0.001320
326 -0.001307
327 -0.001294
328 -0.001280
329 -0.001266
330 -0.001250
331 -0.001234
332 -0.001218
333 -0.001200
334 -0.001182
335 -0.001163
336 -0.001144
337 -0.001124
338 -0.001103
339 -0.001081
340 -0.001059
341 -0.001036
342 -0.001013
343 -0.000989
344 -0.000965
345 -0.000939
346 -0.000914
347 -0.000887
348 -0.000860
349 -0.000833
350 -0.000805
351 -0.000777
352 -0.000748
353 -0.000718
354 -0.000688
355 -0.000658
356 -0.000627
357 -0.000596
358 -0.000564
359 -0.000532
360 -0.000499
361 -0.000466
362 -0.000433
363 -0.000399
364 -0.000365
365 -0.000331
366 -0.000296
367 -0.000261
368 -0.000226
369 -0.000190
370 -0.000154
371 -0.000118
372 -0.000082
373 -0.000045
374 -0.000009
375 0.000028
376 0.000065
377 0.000102
378 0.000140
379 0.000177
380 0.000215
381 0.000253
382 0.000290
383 0.000328
384 0.000366
385 0.000404
386 0.000442
387 0.000480
388 0.000517
389 0.000555
390 0.000593
391 0.000631
392 0.000668
393 0.000706
394 0.000743
395 0.000781
396 0.000818
397 0.000855
398 0.000891
399 0.000928
400 0.000964
401 0.001001
402 0.001037
403 0.001072
404 0.001108
405 0.001143
406 0.001178
407 0.001212
408 0.001246
409 0.001280
410 0.001314
411 0.001347
412 0.001379
413 0.001412
414 0.001444
415 0.001475
416 0.001506
417 0.001537
418 0.001567
419 0.001597
420 0.001626
421 0.001654
422 0.001683
423 0.001710
424 0.001737
425 0.001764
426 0.001790
427 0.001815
428 0.001840
429 0.001864
430 0.001888
431 0.001911
432 0.001934
433 0.001955
434 0.001977
435 0.001997
436 0.002017
437 0.002036
438 0.002055
439 0.002072
440 0.002090
441 0.002106
442 0.002122
443 0.002137
444 0.002151
445 0.002165
446 0.002177
447 0.002190
448 0.002201
449 0.002211
450 0.002221
451 0.002230
452 0.002239
453 0.002246
454 0.002253
455 0.002259
456 0.002265
457 0.002269
458 0.002273
459 0.002276
460 0.002278
461 0.002279
462 0.002280
463 0.002280
464 0.002279
465 0.002277
466 0.002274
467 0.002271
468 0.002267
469 0.002262
470 0.002256
471 0.002250
472 0.002243
473 0.002234
474 0.002226
475 0.002216
476 0.002206
477 0.002195
478 0.002183
479 0.002170
480 0.002157
481 0.002143
482 0.002128
483 0.002112
484 0.002096
485 0.002079
486 0.002061
487 0.002043
488 0.002024
489 0.002004
490 0.001983
491 0.001962
492 0.001940
493 0.001917
494 0.001894
495 0.001870
496 0.001846
497 0.001821
498 0.001795
499 0.001769
500 0.001742
501 0.001714
502 0.001686
503 0.001657
504 0.001628
505 0.001598
506 0.001568
507 0.001537
508 0.001506
509 0.001474
510 0.001442
511 0.001409
512 0.001375
513 0.001342
514 0.001308
515 0.001273
516 0.001238
517 0.001203
518 0.001167
519 0.001131
520 0.001094
521 0.001057
522 0.001020
523 0.000983
524 0.000945
525 0.000907
526 0.000869
527 0.000830
528 0.000792
529 0.000753
530 0.000713
531 0.000674
532 0.000634
533 0.000595
534 0.000555
535 0.000515
536 0.000475
537 0.000435
538 0.000394
539 0.000354
540 0.000314
541 0.000273
542 0.000233
543 0.000192
544 0.000152
545 0.000111
546 0.000071
547 0.000031
548 -0.000009
549 -0.000050
550 -0.000090
551 -0.000129
552 -0.000169
553 -0.000209
554 -0.000248
555 -0.000287
556 -0.000326
557 -0.000365
558 -0.000404
559 -0.000442
560 -0.000480
561 -0.000518
562 -0.000556
563 -0.000593
564 -0.000630
565 -0.000666
566 -0.000702
567 -0.000738
568 -0.000774
569 -0.000809
570 -0.000843
571 -0.000878
572 -0.000911
573 -0.000945
574 -0.000978
575 -0.001010
576 -0.001042
577 -0.001074
578 -0.001104
579 -0.001135
580 -0.001165
581 -0.001194
582 -0.001223
583 -0.001251
584 -0.001279
585 -0.001306
586 -0.001332
587 -0.001358
588 -0.001383
589 -0.001408
590 -0.001432
591 -0.001455
592 -0.001478
593 -0.001500
594 -0.001521
595 -0.001542
596 -0.001562
597 -0.001581
598 -0.001599
599 -0.001617
600 -0.001634
601 -0.001651
602 -0.001666
603 -0.001681
604 -0.001695
605 -0.001709
606 -0.001722
607 -0.001733
608 -0.001745
609 -0.001755
610 -0.001765
611 -0.001773
612 -0.001781
613 -0.001789
614 -0.001795
615 -0.001801
616 -0.001806
617 -0.001810
618 -0.001813
619 -0.001816
620 -0.001817
621 -0.001818
622 -0.001819
623 -0.001818
624 -0.001816
625 -0.001814
626 -0.001811
627 -0.001807
628 -0.001803
