0 0.000000
1 0.000000
2 0.000001
3 0.000002
4 0.000004
5 0.000007
6 0.000011
7 0.000016
8 0.000023
9 0.000031
10 0.000039
11 0.000049
12 0.000061
13 0.000073
14 0.000087
15 0.000101
16 0.000117
17 0.000134
18 0.000152
19 0.000171
20 0.000191
21 0.000212
22 0.000234
23 0.000257
24 0.000281
25 0.000306
26 0.000332
27 0.000359
28 0.000386
29 0.000414
30 0.000443
31 0.000473
32 0.000503
33 0.000534
34 0.000565
35 0.000597
36 0.000630
37 0.000663
38 0.000696
39 0.000730
40 0.000764
41 0.000799
42 0.000834
43 0.000869
44 0.000904
45 0.000940
46 0.000976
47 0.001011
48 0.001047
49 0.001083
50 0.001119
51 0.001154
52 0.001190
53 0.001225
54 0.001260
55 0.001295
56 0.001330
57 0.001364
58 0.001398
59 0.001432
60 0.001465
61 0.001498
62 0.001530
63 0.001561
64 0.001592
65 0.001623
66 0.001653
67 0.001682
68 0.001710
69 0.001738
70 0.001764
71 0.001790
72 0.001815
73 0.001840
74 0.001863
75 0.001885
76 0.001907
77 0.001927
78 0.001946
79 0.001965
80 0.001982
81 0.001998
82 0.002013
83 0.002027
84 0.002040
85 0.002052
86 0.002062
87 0.002072
88 0.002080
89 0.002087
90 0.002092
91 0.002097
92 0.002100
93 0.002102
94 0.002103
95 0.002102
96 0.002100
97 0.002097
98 0.002093
99 0.002087
100 0.002080
101 0.002072
102 0.002063
103 0.002052
104 0.002040
105 0.002027
106 0.002013
107 0.001997
108 0.001981
109 0.001963
110 0.001944
111 0.001923
112 0.001902
113 0.001879
114 0.001856
115 0.001831
116 0.001806
117 0.001779
118 0.001751
119 0.001722
120 0.001693
121 0.001662
122 0.001630
123 0.001598
124 0.001565
125 0.001531
126 0.001496
127 0.001460
128 0.001424
129 0.001387
130 0.001349
131 0.001311
132 0.001272
133 0.001233
134 0.001193
135 0.001153
136 0.001112
137 0.001071
138 0.001030
139 0.000988
140 0.000946
141 0.000904
142 0.000861
143 0.000819
144 0.000776
145 0.000733
146 0.000690
147 0.000648
148 0.000605
149 0.000562
150 0.000520
151 0.000478
152 0.000436
153 0.000394
154 0.000352
155 0.000311
156 0.000270
157 0.000230
158 0.000190
159 0.000151
160 0.000112
161 0.000073
162 0.000036
163 -0.000001
164 -0.000038
165 -0.000073
166 -0.000108
167 -0.000142
168 -0.000176
169 -0.000208
170 -0.000240
171 -0.000271
172 -0.000300
173 -0.000329
174 -0.000357
175 -0.000384
176 -0.000410
177 -0.000434
178 -0.000458
179 -0.000480
180 -0.000502
181 -0.000522
182 -0.000541
183 -0.000559
184 -0.000576
185 -0.000591
186 -0.000606
187 -0.000619
188 -0.000631
189 -0.000641
190 -0.000650
191 -0.000658
192 -0.000665
193 -0.000671
194 -0.000675
195 -0.000678
196 -0.000679
197 -0.000680
198 -0.000679
199 -0.000676
200 -0.000673
201 -0.000668
202 -0.000662
203 -0.000655
204 -0.000646
205 -0.000636
206 -0.000625
207 -0.000613
208 -0.000599
209 -0.000585
210 -0.000569
211 -0.000552
212 -0.000534
213 -0.000515
214 -0.000495
215 -0.000474
216 -0.000451
217 -0.000428
218 -0.000404
219 -0.000378
220 -0.000352
221 -0.000325
222 -0.000297
223 -0.000268
224 -0.000239
225 -0.000208
226 -0.000177
227 -0.000146
228 -0.000113
229 -0.000080
230 -0.000046
231 -0.000012
232 0.000023
233 0.000058
234 0.000094
235 0.000130
236 0.000166
237 0.000203
238 0.000240
239 0.000278
240 0.000315
241 0.000353
242 0.000391
243 0.000429
244 0.000467
245 0.000505
246 0.000543
247 0.000581
248 0.000619
249 0.000657
250 0.000694
251 0.000732
252 0.000769
253 0.000805
254 0.000842
255 0.000877
256 0.000913
257 0.000948
258 0.000982
259 0.001016
260 0.001050
261 0.001083
262 0.001115
263 0.001146
264 0.001177
265 0.001207
266 0.001236
267 0.001264
268 0.001292
269 0.001318
270 0.001344
271 0.001369
272 0.001393
273 0.001415
274 0.001437
275 0.001458
276 0.001478
277 0.001496
278 0.001514
279 0.001530
280 0.001545
281 0.001559
282 0.001572
283 0.001584
284 0.001595
285 0.001604
286 0.001612
287 0.001619
288 0.001624
289 0.001629
290 0.001632
291 0.001633
292 0.001634
293 0.001633
294 0.001631
295 0.001628
296 0.001623
297 0.001617
298 0.001610
299 0.001602
300 0.001592
301 0.001581
302 0.001569
303 0.001556
304 0.001541
305 0.001526
306 0.001509
307 0.001491
308 0.001472
309 0.001451
310 0.001430
311 0.001407
312 0.001384
313 0.001359
314 0.001333
315 0.001307
316 0.001279
317 0.001250
318 0.001221
319 0.001190
320 0.001159
321 0.001127
322 0.001094
323 0.001061
324 0.001026
325 0.000991
326 0.000955
327 0.000919
328 0.000882
329 0.000844
330 0.000806
331 0.000768
332 0.000729
333 0.000690
334 0.000650
335 0.000610
336 0.000569
337 0.000529
338 0.000488
339 0.000447
340 0.000406
341 0.000365
342 0.000324
343 0.000282
344 0.000241
345 0.000200
346 0.000159
347 0.000118
348 0.000078
349 0.000037
350 -0.000003
351 -0.000043
352 -0.000082
353 -0.000121
354 -0.000160
355 -0.000198
356 -0.000236
357 -0.000273
358 -0.000309
359 -0.000345
360 -0.000380
361 -0.000415
362 -0.000448
363 -0.000481
364 -0.000513
365 -0.000545
366 -0.000575
367 -0.000605
368 -0.000634
369 -0.000662
370 -0.000688
371 -0.000714
372 -0.000739
373 -0.000763
374 -0.000785
375 -0.000807
376 -0.000827
377 -0.000847
378 -0.000865
379 -0.000882
380 -0.000898
381 -0.000912
382 -0.000926
383 -0.000938
384 -0.000949
385 -0.000958
386 -0.000967
387 -0.000974
388 -0.000980
389 -0.000985
390 -0.000988
391 -0.000990
392 -0.000991
393 -0.000990
394 -0.000989
395 -0.000985
396 -0.000981
397 -0.000976
398 -0.000969
399 -0.000961
400 -0.000951
401 -0.000941
402 -0.000929
403 -0.000916
404 -0.000902
405 -0.000886
406 -0.000870
407 -0.000852
408 -0.000833
409 -0.000813
410 -0.000792
411 -0.000770
412 -0.000747
413 -0.000723
414 -0.000698
415 -0.000672
416 -0.000645
417 -0.000617
418 -0.000588
419 -0.000558
420 -0.000528
421 -0.000497
422 -0.000465
423 -0.000432
424 -0.000399
425 -0.000365
426 -0.000330
427 -0.000295
428 -0.000259
429 -0.000223
430 -0.000186
431 -0.000149
432 -0.000112
433 -0.000074
434 -0.000036
435 0.000003
436 0.000041
437 0.000080
438 0.000119
439 0.000158
440 0.000197
441 0.000236
442 0.000275
443 0.000314
444 0.000353
445 0.000392
446 0.000430
447 0.000469
448 0.000507
449 0.000545
450 0.000582
451 0.000619
452 0.000656
453 0.000692
454 0.000728
455 0.000763
456 0.000797
457 0.000831
458 0.000865
459 0.000897
460 0.000929
461 0.000960
462 0.000991
463 0.001020
464 0.001049
465 0.001077
466 0.001104
467 0.001130
468 0.001155
469 0.001179
470 0.001202
471 0.001224
472 0.001245
473 0.001265
474 0.001284
475 0.001301
476 0.001318
477 0.001333
478 0.001348
479 0.001361
480 0.001372
481 0.001383
482 0.001392
483 0.001400
484 0.001407
485 0.001413
486 0.001417
487 0.001420
488 0.001422
489 0.001423
490 0.001422
491 0.001420
492 0.001417
493 0.001412
494 0.001406
495 0.001399
496 0.001391
497 0.001381
498 0.001370
499 0.001358
500 0.001345
501 0.001331
502 0.001315
503 0.001298
504 0.001280
505 0.001261
506 0.001241
507 0.001219
508 0.001197
509 0.001173
510 0.001149
511 0.001123
512 0.001097
513 0.001069
514 0.001041
515 0.001011
516 0.000981
517 0.000950
518 0.000918
519 0.000886
520 0.000852
521 0.000818
522 0.000783
523 0.000748
524 0.000712
525 0.000675
526 0.000638
527 0.000601
528 0.000563
529 0.000524
530 0.000485
531 0.000446
532 0.000406
533 0.000367
534 0.000327
535 0.000286
536 0.000246
537 0.000206
538 0.000165
539 0.000124
540 0.000084
541 0.000044
542 0.000003
543 -0.000037
544 -0.000077
545 -0.000117
546 -0.000156
547 -0.000196
548 -0.000235
549 -0.000273
550 -0.000311
551 -0.000349
552 -0.000386
553 -0.000422
554 -0.000458
555 -0.000494
556 -0.000529
557 -0.000563
558 -0.000596
559 -0.000629
560 -0.000661
561 -0.000692
562 -0.000722
563 -0.000751
564 -0.000779
565 -0.000807
566 -0.000833
567 -0.000859
568 -0.000884
569 -0.000907
570 -0.000929
571 -0.000951
572 -0.000971
573 -0.000990
574 -0.001008
575 -0.001025
576 -0.001041
577 -0.001055
578 -0.001068
579 -0.001080
580 -0.001091
581 -0.001101
582 -0.001109
583 -0.001116
584 -0.001122
585 -0.001126
586 -0.001129
587 -0.001131
588 -0.001132
589 -0.001131
590 -0.001129
591 -0.001126
592 -0.001122
593 -0.001116
594 -0.001109
595 -0.001101
596 -0.001091
597 -0.001081
598 -0.001069
599 -0.001056
600 -0.001041
601 -0.001026
602 -0.001009
603 -0.000991
604 -0.000972
605 -0.000952
606 -0.000931
607 -0.000909
608 -0.000885
609 -0.000861
610 -0.000836
611 -0.000810
612 -0.000782
613 -0.000754
614 -0.000725
615 -0.000695
616 -0.000665
617 -0.000633
618 -0.000601
619 -0.000568
620 -0.000535
621 -0.000500
622 -0.000465
623 -0.000430
624 -0.000394
625 -0.000357
626 -0.000320
627 -0.000283
628 -0.000245
