0 0.000000
1 0.000000
2 0.000001
3 0.000002
4 0.000005
5 0.000009
6 0.000014
7 0.000020
8 0.000029
9 0.000038
10 0.000049
11 0.000062
12 0.000075
13 0.000091
14 0.000107
15 0.000126
16 0.000145
17 0.000166
18 0.000188
19 0.000211
20 0.000235
21 0.000261
22 0.000287
23 0.000315
24 0.000343
25 0.000373
26 0.000403
27 0.000435
28 0.000467
29 0.000499
30 0.000533
31 0.000567
32 0.000601
33 0.000636
34 0.000671
35 0.000707
36 0.000743
37 0.000779
38 0.000816
39 0.000852
40 0.000889
41 0.000925
42 0.000962
43 0.000998
44 0.001034
45 0.001070
46 0.001105
47 0.001140
48 0.001174
49 0.001208
50 0.001242
51 0.001274
52 0.001306
53 0.001338
54 0.001368
55 0.001397
56 0.001426
57 0.001454
58 0.001480
59 0.001506
60 0.001530
61 0.001553
62 0.001575
63 0.001596
64 0.001616
65 0.001634
66 0.001651
67 0.001666
68 0.001680
69 0.001693
70 0.001704
71 0.001713
72 0.001721
73 0.001728
74 0.001733
75 0.001736
76 0.001738
77 0.001738
78 0.001737
79 0.001734
80 0.001730
81 0.001723
82 0.001716
83 0.001707
84 0.001696
85 0.001683
86 0.001670
87 0.001654
88 0.001637
89 0.001619
90 0.001599
91 0.001578
92 0.001555
93 0.001531
94 0.001506
95 0.001479
96 0.001451
97 0.001422
98 0.001392
99 0.001361
100 0.001328
101 0.001295
102 0.001260
103 0.001225
104 0.001188
105 0.001151
106 0.001113
107 0.001075
108 0.001035
109 0.000996
110 0.000955
111 0.000914
112 0.000873
113 0.000831
114 0.000789
115 0.000747
116 0.000705
117 0.000662
118 0.000620
119 0.000577
120 0.000535
121 0.000492
122 0.000450
123 0.000408
124 0.000367
125 0.000326
126 0.000285
127 0.000245
128 0.000206
129 0.000167
130 0.000129
131 0.000092
132 0.000055
133 0.000019
134 -0.000015
135 -0.000049
136 -0.000082
137 -0.000114
138 -0.000144
139 -0.000174
140 -0.000202
141 -0.000229
142 -0.000254
143 -0.000279
144 -0.000302
145 -0.000323
146 -0.000343
147 -0.000362
148 -0.000379
149 -0.000395
150 -0.000409
151 -0.000422
152 -0.000433
153 -0.000442
154 -0.000450
155 -0.000456
156 -0.000461
157 -0.000464
158 -0.000466
159 -0.000466
160 -0.000464
161 -0.000461
162 -0.000456
163 -0.000449
164 -0.000441
165 -0.000432
166 -0.000420
167 -0.000408
168 -0.000394
169 -0.000378
170 -0.000361
171 -0.000343
172 -0.000323
173 -0.000302
174 -0.000279
175 -0.000256
176 -0.000231
177 -0.000205
178 -0.000178
179 -0.000149
180 -0.000120
181 -0.000090
182 -0.000059
183 -0.000027
184 0.000006
185 0.000040
186 0.000074
187 0.000109
188 0.000145
189 0.000181
190 0.000218
191 0.000255
192 0.000292
193 0.000330
194 0.000367
195 0.000406
196 0.000444
197 0.000482
198 0.000520
199 0.000558
200 0.000596
201 0.000633
202 0.000671
203 0.000708
204 0.000744
205 0.000780
206 0.000816
207 0.000851
208 0.000885
209 0.000919
210 0.000952
211 0.000984
212 0.001015
213 0.001045
214 0.001074
215 0.001103
216 0.001130
217 0.001156
218 0.001180
219 0.001204
220 0.001226
221 0.001247
222 0.001267
223 0.001286
224 0.001303
225 0.001318
226 0.001332
227 0.001345
228 0.001356
229 0.001366
230 0.001374
231 0.001380
232 0.001385
233 0.001389
234 0.001390
235 0.001391
236 0.001389
237 0.001386
238 0.001382
239 0.001375
240 0.001368
241 0.001358
242 0.001348
243 0.001335
244 0.001321
245 0.001306
246 0.001289
247 0.001271
248 0.001251
249 0.001230
250 0.001207
251 0.001183
252 0.001158
253 0.001131
254 0.001104
255 0.001075
256 0.001045
257 0.001014
258 0.000982
259 0.000948
260 0.000914
261 0.000879
262 0.000844
263 0.000807
264 0.000770
265 0.000732
266 0.000693
267 0.000654
268 0.000614
269 0.000574
270 0.000534
271 0.000493
272 0.000452
273 0.000411
274 0.000369
275 0.000328
276 0.000287
277 0.000246
278 0.000204
279 0.000164
280 0.000123
281 0.000083
282 0.000043
283 0.000003
284 -0.000036
285 -0.000074
286 -0.000112
287 -0.000149
288 -0.000185
289 -0.000221
290 -0.000255
291 -0.000289
292 -0.000322
293 -0.000353
294 -0.000384
295 -0.000414
296 -0.000442
297 -0.000469
298 -0.000495
299 -0.000520
300 -0.000543
301 -0.000565
302 -0.000586
303 -0.000605
304 -0.000623
305 -0.000639
306 -0.000654
307 -0.000667
308 -0.000679
309 -0.000689
310 -0.000698
311 -0.000704
312 -0.000710
313 -0.000714
314 -0.000716
315 -0.000717
316 -0.000716
317 -0.000713
318 -0.000709
319 -0.000703
320 -0.000696
321 -0.000687
322 -0.000676
323 -0.000664
324 -0.000651
325 -0.000636
326 -0.000619
327 -0.000601
328 -0.000582
329 -0.000562
330 -0.000540
331 -0.000516
332 -0.000492
333 -0.000466
334 -0.000439
335 -0.000411
336 -0.000382
337 -0.000352
338 -0.000321
339 -0.000289
340 -0.000256
341 -0.000222
342 -0.000188
343 -0.000153
344 -0.000117
345 -0.000080
346 -0.000043
347 -0.000006
348 0.000032
349 0.000070
350 0.000109
351 0.000148
352 0.000186
353 0.000225
354 0.000264
355 0.000303
356 0.000342
357 0.000381
358 0.000420
359 0.000458
360 0.000496
361 0.000533
362 0.000570
363 0.000607
364 0.000642
365 0.000678
366 0.000712
367 0.000746
368 0.000779
369 0.000811
370 0.000842
371 0.000872
372 0.000901
373 0.000929
374 0.000956
375 0.000982
376 0.001006
377 0.001029
378 0.001051
379 0.001072
380 0.001091
381 0.001109
382 0.001126
383 0.001141
384 0.001154
385 0.001166
386 0.001177
387 0.001186
388 0.001193
389 0.001199
390 0.001203
391 0.001206
392 0.001207
393 0.001206
394 0.001204
395 0.001201
396 0.001195
397 0.001188
398 0.001180
399 0.001170
400 0.001158
401 0.001145
402 0.001131
403 0.001115
404 0.001097
405 0.001078
406 0.001058
407 0.001036
408 0.001013
409 0.000988
410 0.000963
411 0.000936
412 0.000908
413 0.000878
414 0.000848
415 0.000817
416 0.000784
417 0.000751
418 0.000717
419 0.000682
420 0.000646
421 0.000609
422 0.000572
423 0.000534
424 0.000496
425 0.000457
426 0.000417
427 0.000377
428 0.000337
429 0.000297
430 0.000256
431 0.000216
432 0.000175
433 0.000134
434 0.000094
435 0.000053
436 0.000013
437 -0.000027
438 -0.000067
439 -0.000106
440 -0.000145
441 -0.000183
442 -0.000221
443 -0.000258
444 -0.000295
445 -0.000331
446 -0.000366
447 -0.000400
448 -0.000433
449 -0.000465
450 -0.000496
451 -0.000527
452 -0.000556
453 -0.000583
454 -0.000610
455 -0.000636
456 -0.000660
457 -0.000683
458 -0.000704
459 -0.000724
460 -0.000743
461 -0.000760
462 -0.000776
463 -0.000791
464 -0.000803
465 -0.000815
466 -0.000824
467 -0.000833
468 -0.000839
469 -0.000844
470 -0.000848
471 -0.000849
472 -0.000850
473 -0.000848
474 -0.000845
475 -0.000840
476 -0.000834
477 -0.000827
478 -0.000817
479 -0.000806
480 -0.000794
481 -0.000780
482 -0.000765
483 -0.000748
484 -0.000730
485 -0.000710
486 -0.000689
487 -0.000667
488 -0.000643
489 -0.000618
490 -0.000592
491 -0.000565
492 -0.000536
493 -0.000507
494 -0.000476
495 -0.000445
496 -0.000412
497 -0.000379
498 -0.000345
499 -0.000310
500 -0.000274
501 -0.000238
502 -0.000201
503 -0.000164
504 -0.000126
505 -0.000087
506 -0.000049
507 -0.000010
508 0.000030
509 0.000069
510 0.000108
511 0.000148
512 0.000187
513 0.000227
514 0.000266
515 0.000305
516 0.000343
517 0.000382
518 0.000420
519 0.000457
520 0.000494
521 0.000531
522 0.000566
523 0.000601
524 0.000635
525 0.000669
526 0.000701
527 0.000733
528 0.000764
529 0.000793
530 0.000822
531 0.000849
532 0.000875
533 0.000900
534 0.000924
535 0.000947
536 0.000968
537 0.000988
538 0.001006
539 0.001023
540 0.001038
541 0.001052
542 0.001065
543 0.001076
544 0.001086
545 0.001093
546 0.001100
547 0.001105
548 0.001108
549 0.001109
550 0.001109
551 0.001108
552 0.001105
553 0.001100
554 0.001093
555 0.001086
556 0.001076
557 0.001065
558 0.001052
559 0.001038
560 0.001023
561 0.001006
562 0.000987
563 0.000967
564 0.000946
565 0.000923
566 0.000899
567 0.000874
568 0.000848
569 0.000820
570 0.000791
571 0.000761
572 0.000730
573 0.000698
574 0.000666
575 0.000632
576 0.000597
577 0.000562
578 0.000525
579 0.000489
580 0.000451
581 0.000413
582 0.000374
583 0.000335
584 0.000296
585 0.000256
586 0.000216
587 0.000176
588 0.000136
589 0.000095
590 0.000055
591 0.000015
592 -0.000025
593 -0.000065
594 -0.000105
595 -0.000145
596 -0.000184
597 -0.000222
598 -0.000260
599 -0.000298
600 -0.000335
601 -0.000371
602 -0.000406
603 -0.000441
604 -0.000475
605 -0.000508
606 -0.000540
607 -0.000571
608 -0.000601
609 -0.000630
610 -0.000657
611 -0.000684
612 -0.000709
613 -0.000733
614 -0.000756
615 -0.000777
616 -0.000797
617 -0.000816
618 -0.000833
619 -0.000849
620 -0.000863
621 -0.000875
622 -0.000886
623 -0.000896
624 -0.000904
625 -0.000910
626 -0.000915
627 -0.000918
628 -0.000920
