0 0.000000
1 0.000000
2 0.000001
3 0.000003
4 0.000006
5 0.000010
6 0.000017
7 0.000024
8 0.000034
9 0.000045
10 0.000059
11 0.000073
12 0.000090
13 0.000108
14 0.000128
15 0.000149
16 0.000172
17 0.000196
18 0.000222
19 0.000249
20 0.000277
21 0.000306
22 0.000336
23 0.000368
24 0.000400
25 0.000433
26 0.000467
27 0.000502
28 0.000537
29 0.000573
30 0.000609
31 0.000646
32 0.000683
33 0.000720
34 0.000757
35 0.000794
36 0.000830
37 0.000867
38 0.000903
39 0.000939
40 0.000975
41 0.001009
42 0.001044
43 0.001077
44 0.001110
45 0.001141
46 0.001172
47 0.001201
48 0.001230
49 0.001257
50 0.001283
51 0.001308
52 0.001331
53 0.001353
54 0.001373
55 0.001391
56 0.001408
57 0.001423
58 0.001437
59 0.001449
60 0.001459
61 0.001467
62 0.001473
63 0.001478
64 0.001480
65 0.001481
66 0.001480
67 0.001476
68 0.001471
69 0.001464
70 0.001456
71 0.001445
72 0.001432
73 0.001418
74 0.001402
75 0.001384
76 0.001364
77 0.001342
78 0.001319
79 0.001295
80 0.001268
81 0.001240
82 0.001211
83 0.001181
84 0.001149
85 0.001116
86 0.001081
87 0.001046
88 0.001009
89 0.000972
90 0.000933
91 0.000894
92 0.000855
93 0.000814
94 0.000773
95 0.000732
96 0.000690
97 0.000648
98 0.000606
99 0.000564
100 0.000521
101 0.000479
102 0.000437
103 0.000396
104 0.000354
105 0.000314
106 0.000273
107 0.000234
108 0.000195
109 0.000157
110 0.000120
111 0.000084
112 0.000049
113 0.000015
114 -0.000018
115 -0.000050
116 -0.000080
117 -0.000109
118 -0.000136
119 -0.000161
120 -0.000186
121 -0.000208
122 -0.000229
123 -0.000248
124 -0.000265
125 -0.000281
126 -0.000295
127 -0.000306
128 -0.000316
129 -0.000325
130 -0.000331
131 -0.000335
132 -0.000337
133 -0.000338
134 -0.000336
135 -0.000333
136 -0.000327
137 -0.000320
138 -0.000311
139 -0.000300
140 -0.000287
141 -0.000273
142 -0.000257
143 -0.000239
144 -0.000219
145 -0.000198
146 -0.000175
147 -0.000151
148 -0.000125
149 -0.000098
150 -0.000070
151 -0.000040
152 -0.000010
153 0.000022
154 0.000055
155 0.000089
156 0.000123
157 0.000159
158 0.000195
159 0.000231
160 0.000268
161 0.000306
162 0.000344
163 0.000382
164 0.000420
165 0.000458
166 0.000496
167 0.000534
168 0.000572
169 0.000609
170 0.000647
171 0.000683
172 0.000719
173 0.000754
174 0.000789
175 0.000822
176 0.000855
177 0.000887
178 0.000918
179 0.000947
180 0.000975
181 0.001002
182 0.001028
183 0.001052
184 0.001075
185 0.001096
186 0.001115
187 0.001133
188 0.001149
189 0.001164
190 0.001177
191 0.001188
192 0.001197
193 0.001204
194 0.001209
195 0.001213
196 0.001214
197 0.001214
198 0.001211
199 0.001207
200 0.001201
201 0.001193
202 0.001183
203 0.001172
204 0.001158
205 0.001143
206 0.001126
207 0.001107
208 0.001086
209 0.001064
210 0.001040
211 0.001015
212 0.000988
213 0.000959
214 0.000930
215 0.000898
216 0.000866
217 0.000833
218 0.000798
219 0.000763
220 0.000726
221 0.000689
222 0.000650
223 0.000611
224 0.000572
225 0.000532
226 0.000491
227 0.000451
228 0.000409
229 0.000368
230 0.000327
231 0.000286
232 0.000244
233 0.000203
234 0.000163
235 0.000123
236 0.000083
237 0.000043
238 0.000005
239 -0.000033
240 -0.000070
241 -0.000106
242 -0.000141
243 -0.000175
244 -0.000208
245 -0.000240
246 -0.000271
247 -0.000300
248 -0.000327
249 -0.000354
250 -0.000378
251 -0.000401
252 -0.000423
253 -0.000443
254 -0.000461
255 -0.000477
256 -0.000492
257 -0.000504
258 -0.000515
259 -0.000524
260 -0.000531
261 -0.000536
262 -0.000539
263 -0.000541
264 -0.000540
265 -0.000538
266 -0.000533
267 -0.000527
268 -0.000519
269 -0.000509
270 -0.000497
271 -0.000483
272 -0.000467
273 -0.000450
274 -0.000431
275 -0.000411
276 -0.000389
277 -0.000365
278 -0.000340
279 -0.000313
280 -0.000285
281 -0.000256
282 -0.000226
283 -0.000194
284 -0.000161
285 -0.000128
286 -0.000093
287 -0.000058
288 -0.000022
289 0.000015
290 0.000053
291 0.000090
292 0.000129
293 0.000167
294 0.000206
295 0.000245
296 0.000284
297 0.000323
298 0.000361
299 0.000400
300 0.000438
301 0.000476
302 0.000513
303 0.000550
304 0.000585
305 0.000621
306 0.000655
307 0.000688
308 0.000720
309 0.000752
310 0.000782
311 0.000811
312 0.000838
313 0.000864
314 0.000889
315 0.000912
316 0.000934
317 0.000954
318 0.000972
319 0.000989
320 0.001004
321 0.001017
322 0.001028
323 0.001038
324 0.001045
325 0.001051
326 0.001055
327 0.001057
328 0.001057
329 0.001055
330 0.001052
331 0.001046
332 0.001038
333 0.001029
334 0.001018
335 0.001005
336 0.000990
337 0.000973
338 0.000954
339 0.000934
340 0.000912
341 0.000889
342 0.000864
343 0.000838
344 0.000810
345 0.000780
346 0.000750
347 0.000718
348 0.000685
349 0.000651
350 0.000616
351 0.000580
352 0.000543
353 0.000505
354 0.000467
355 0.000428
356 0.000388
357 0.000348
358 0.000308
359 0.000267
360 0.000227
361 0.000186
362 0.000145
363 0.000105
364 0.000064
365 0.000024
366 -0.000016
367 -0.000055
368 -0.000094
369 -0.000132
370 -0.000169
371 -0.000205
372 -0.000241
373 -0.000275
374 -0.000309
375 -0.000341
376 -0.000372
377 -0.000402
378 -0.000430
379 -0.000457
380 -0.000483
381 -0.000507
382 -0.000529
383 -0.000550
384 -0.000569
385 -0.000587
386 -0.000602
387 -0.000616
388 -0.000628
389 -0.000638
390 -0.000647
391 -0.000653
392 -0.000657
393 -0.000660
394 -0.000661
395 -0.000659
396 -0.000656
397 -0.000651
398 -0.000644
399 -0.000635
400 -0.000624
401 -0.000612
402 -0.000597
403 -0.000581
404 -0.000563
405 -0.000544
406 -0.000523
407 -0.000500
408 -0.000476
409 -0.000450
410 -0.000423
411 -0.000394
412 -0.000364
413 -0.000333
414 -0.000301
415 -0.000268
416 -0.000234
417 -0.000199
418 -0.000163
419 -0.000126
420 -0.000089
421 -0.000051
422 -0.000013
423 0.000026
424 0.000065
425 0.000104
426 0.000144
427 0.000183
428 0.000222
429 0.000261
430 0.000300
431 0.000339
432 0.000377
433 0.000414
434 0.000451
435 0.000487
436 0.000523
437 0.000558
438 0.000591
439 0.000624
440 0.000655
441 0.000686
442 0.000715
443 0.000742
444 0.000769
445 0.000794
446 0.000817
447 0.000839
448 0.000859
449 0.000878
450 0.000895
451 0.000910
452 0.000923
453 0.000935
454 0.000945
455 0.000952
456 0.000958
457 0.000963
458 0.000965
459 0.000965
460 0.000963
461 0.000960
462 0.000954
463 0.000947
464 0.000938
465 0.000926
466 0.000914
467 0.000899
468 0.000882
469 0.000864
470 0.000844
471 0.000822
472 0.000799
473 0.000774
474 0.000748
475 0.000720
476 0.000691
477 0.000661
478 0.000629
479 0.000597
480 0.000563
481 0.000528
482 0.000492
483 0.000455
484 0.000418
485 0.000380
486 0.000341
487 0.000302
488 0.000262
489 0.000222
490 0.000182
491 0.000142
492 0.000101
493 0.000061
494 0.000020
495 -0.000020
496 -0.000059
497 -0.000099
498 -0.000138
499 -0.000176
500 -0.000213
501 -0.000250
502 -0.000286
503 -0.000321
504 -0.000355
505 -0.000389
506 -0.000420
507 -0.000451
508 -0.000480
509 -0.000508
510 -0.000535
511 -0.000560
512 -0.000584
513 -0.000606
514 -0.000626
515 -0.000645
516 -0.000662
517 -0.000677
518 -0.000690
519 -0.000702
520 -0.000711
521 -0.000719
522 -0.000725
523 -0.000729
524 -0.000731
525 -0.000731
526 -0.000729
527 -0.000726
528 -0.000720
529 -0.000713
530 -0.000703
531 -0.000692
532 -0.000679
533 -0.000664
534 -0.000648
535 -0.000629
536 -0.000609
537 -0.000588
538 -0.000565
539 -0.000540
540 -0.000514
541 -0.000486
542 -0.000457
543 -0.000427
544 -0.000396
545 -0.000363
546 -0.000330
547 -0.000295
548 -0.000260
549 -0.000223
550 -0.000186
551 -0.000149
552 -0.000111
553 -0.000072
554 -0.000033
555 0.000006
556 0.000046
557 0.000085
558 0.000125
559 0.000165
560 0.000204
561 0.000243
562 0.000282
563 0.000320
564 0.000358
565 0.000395
566 0.000431
567 0.000467
568 0.000502
569 0.000535
570 0.000568
571 0.000600
572 0.000630
573 0.000659
574 0.000687
575 0.000714
576 0.000739
577 0.000762
578 0.000784
579 0.000804
580 0.000823
581 0.000840
582 0.000855
583 0.000869
584 0.000880
585 0.000890
586 0.000898
587 0.000904
588 0.000908
589 0.000910
590 0.000911
591 0.000909
592 0.000905
593 0.000900
594 0.000893
595 0.000883
596 0.000872
597 0.000859
598 0.000845
599 0.000828
600 0.000810
601 0.000790
602 0.000768
603 0.000745
604 0.000721
605 0.000694
606 0.000667
607 0.000638
608 0.000607
609 0.000576
610 0.000543
611 0.000509
612 0.000475
613 0.000439
614 0.000402
615 0.000365
616 0.000327
617 0.000289
618 0.000249
619 0.000210
620 0.000170
621 0.000130
622 0.000090
623 0.000050
624 0.000009
625 -0.000031
626 -0.000070
627 -0.000110
628 -0.000149
