0 1.000000
1 0.990050
2 0.980199
3 0.970446
4 0.960790
5 0.951230
6 0.941765
7 0.932395
8 0.923118
9 0.913933
10 0.904839
11 0.895836
12 0.886922
13 0.878097
14 0.869360
15 0.860710
16 0.852146
17 0.843667
18 0.835273
19 0.826962
20 0.818734
21 0.810587
22 0.802522
23 0.794537
24 0.786631
25 0.778804
26 0.771055
27 0.763383
28 0.755787
29 0.748267
30 0.740822
31 0.733451
32 0.726153
33 0.718928
34 0.711774
35 0.704692
36 0.697681
37 0.690739
38 0.683866
39 0.677061
40 0.670325
41 0.663655
42 0.657051
43 0.650514
44 0.644041
45 0.637633
46 0.631289
47 0.625007
48 0.618788
49 0.612631
50 0.606536
51 0.600501
52 0.594526
53 0.588610
54 0.582754
55 0.576955
56 0.571214
57 0.565531
58 0.559904
59 0.554333
60 0.548817
61 0.543356
62 0.537950
63 0.532597
64 0.527298
65 0.522051
66 0.516857
67 0.511714
68 0.506623
69 0.501582
70 0.496591
71 0.491650
72 0.486758
73 0.481915
74 0.477120
75 0.472373
76 0.467672
77 0.463019
78 0.458412
79 0.453851
80 0.449335
81 0.444864
82 0.440438
83 0.436055
84 0.431717
85 0.427421
86 0.423168
87 0.418958
88 0.414789
89 0.410662
90 0.406576
91 0.402530
92 0.398525
93 0.394560
94 0.390634
95 0.386747
96 0.382899
97 0.379089
98 0.375317
99 0.371583
100 0.367886
101 0.364225
102 0.360601
103 0.357013
104 0.353461
105 0.349944
106 0.346462
107 0.343015
108 0.339602
109 0.336223
110 0.332877
111 0.329565
112 0.326286
113 0.323039
114 0.319825
115 0.316643
116 0.313492
117 0.310373
118 0.307285
119 0.304227
120 0.301200
121 0.298203
122 0.295236
123 0.292299
124 0.289390
125 0.286511
126 0.283660
127 0.280838
128 0.278043
129 0.275277
130 0.272538
131 0.269826
132 0.267141
133 0.264483
134 0.261852
135 0.259246
136 0.256667
137 0.254113
138 0.251584
139 0.249081
140 0.246603
141 0.244149
142 0.241720
143 0.239315
144 0.236933
145 0.234576
146 0.232242
147 0.229931
148 0.227643
149 0.225378
150 0.223136
151 0.220916
152 0.218717
153 0.216541
154 0.214387
155 0.212253
156 0.210142
157 0.208051
158 0.205981
159 0.203931
160 0.201902
161 0.199893
162 0.197904
163 0.195935
164 0.193985
165 0.192055
166 0.190144
167 0.188252
168 0.186379
169 0.184525
170 0.182689
171 0.180871
172 0.179071
173 0.177290
174 0.175526
175 0.173779
176 0.172050
177 0.170338
178 0.168643
179 0.166965
180 0.165304
181 0.163659
182 0.162031
183 0.160418
184 0.158822
185 0.157242
186 0.155677
187 0.154129
188 0.152595
189 0.151077
190 0.149573
191 0.148085
192 0.146612
193 0.145153
194 0.143709
195 0.142279
196 0.140863
197 0.139461
198 0.138074
199 0.136700
200 0.135340
201 0.133993
202 0.132660
203 0.131340
204 0.130033
205 0.128739
206 0.127458
207 0.126190
208 0.124935
209 0.123691
210 0.122461
211 0.121242
212 0.120036
213 0.118842
214 0.117659
215 0.116488
216 0.115329
217 0.114182
218 0.113046
219 0.111921
220 0.110807
221 0.109705
222 0.108613
223 0.107532
224 0.106463
225 0.105403
226 0.104354
227 0.103316
228 0.102288
229 0.101270
230 0.100263
231 0.099265
232 0.098277
233 0.097300
234 0.096331
235 0.095373
236 0.094424
237 0.093484
238 0.092554
239 0.091633
240 0.090722
241 0.089819
242 0.088925
243 0.088040
244 0.087164
245 0.086297
246 0.085438
247 0.084588
248 0.083747
249 0.082913
250 0.082088
251 0.081272
252 0.080463
253 0.079662
254 0.078870
255 0.078085
256 0.077308
257 0.076539
258 0.075777
259 0.075023
260 0.074277
261 0.073538
262 0.072806
263 0.072082
264 0.071364
265 0.070654
266 0.069951
267 0.069255
268 0.068566
269 0.067884
270 0.067209
271 0.066540
272 0.065878
273 0.065222
274 0.064573
275 0.063931
276 0.063295
277 0.062665
278 0.062041
279 0.061424
280 0.060813
281 0.060208
282 0.059609
283 0.059016
284 0.058428
285 0.057847
286 0.057272
287 0.056702
288 0.056137
289 0.055579
290 0.055026
291 0.054478
292 0.053936
293 0.053400
294 0.052868
295 0.052342
296 0.051821
297 0.051306
298 0.050795
299 0.050290
300 0.049790
301 0.049294
302 0.048804
303 0.048318
304 0.047837
305 0.047361
306 0.046890
307 0.046424
308 0.045962
309 0.045504
310 0.045052
311 0.044603
312 0.044159
313 0.043720
314 0.043285
315 0.042854
316 0.042428
317 0.042006
318 0.041588
319 0.041174
320 0.040764
321 0.040359
322 0.039957
323 0.039560
324 0.039166
325 0.038776
326 0.038390
327 0.038009
328 0.037630
329 0.037256
330 0.036885
331 0.036518
332 0.036155
333 0.035795
334 0.035439
335 0.035086
336 0.034737
337 0.034392
338 0.034049
339 0.033711
340 0.033375
341 0.033043
342 0.032714
343 0.032389
344 0.032067
345 0.031747
346 0.031432
347 0.031119
348 0.030809
349 0.030503
350 0.030199
351 0.029899
352 0.029601
353 0.029307
354 0.029015
355 0.028726
356 0.028441
357 0.028158
358 0.027877
359 0.027600
360 0.027325
361 0.027053
362 0.026784
363 0.026518
364 0.026254
365 0.025993
366 0.025734
367 0.025478
368 0.025225
369 0.024974
370 0.024725
371 0.024479
372 0.024235
373 0.023994
374 0.023756
375 0.023519
376 0.023285
377 0.023054
378 0.022824
379 0.022597
380 0.022372
381 0.022150
382 0.021929
383 0.021711
384 0.021495
385 0.021281
386 0.021069
387 0.020860
388 0.020652
389 0.020447
390 0.020243
391 0.020042
392 0.019842
393 0.019645
394 0.019450
395 0.019256
396 0.019064
397 0.018875
398 0.018687
399 0.018501
400 0.018317
401 0.018135
402 0.017954
403 0.017776
404 0.017599
405 0.017424
406 0.017250
407 0.017079
408 0.016909
409 0.016740
410 0.016574
411 0.016409
412 0.016246
413 0.016084
414 0.015924
415 0.015766
416 0.015609
417 0.015453
418 0.015300
419 0.015147
420 0.014997
421 0.014847
422 0.014700
423 0.014553
424 0.014409
425 0.014265
426 0.014123
427 0.013983
428 0.013844
429 0.013706
430 0.013570
431 0.013435
432 0.013301
433 0.013169
434 0.013037
435 0.012908
436 0.012779
437 0.012652
438 0.012526
439 0.012402
440 0.012278
441 0.012156
442 0.012035
443 0.011915
444 0.011797
445 0.011679
446 0.011563
447 0.011448
448 0.011334
449 0.011221
450 0.011110
451 0.010999
452 0.010890
453 0.010781
454 0.010674
455 0.010568
456 0.010463
457 0.010359
458 0.010256
459 0.010154
460 0.010053
461 0.009953
462 0.009854
463 0.009756
464 0.009658
465 0.009562
466 0.009467
467 0.009373
468 0.009280
469 0.009187
470 0.009096
471 0.009005
472 0.008916
473 0.008827
474 0.008739
475 0.008652
476 0.008566
477 0.008481
478 0.008397
479 0.008313
480 0.008230
481 0.008149
482 0.008067
483 0.007987
484 0.007908
485 0.007829
486 0.007751
487 0.007674
488 0.007598
489 0.007522
490 0.007447
491 0.007373
492 0.007300
493 0.007227
494 0.007155
495 0.007084
496 0.007014
497 0.006944
498 0.006875
499 0.006806
