0 1.000000
1 0.905000
2 0.819025
3 0.741218
4 0.670802
5 0.607076
6 0.549404
7 0.497210
8 0.449975
9 0.407228
10 0.368541
11 0.333530
12 0.301844
13 0.273169
14 0.247218
15 0.223732
16 0.202478
17 0.183242
18 0.165834
19 0.150080
20 0.135822
21 0.122919
22 0.111242
23 0.100674
24 0.091110
25 0.082455
26 0.074621
27 0.067532
28 0.061117
29 0.055311
30 0.050056
31 0.045301
32 0.040997
33 0.037102
34 0.033578
35 0.030388
36 0.027501
37 0.024888
38 0.022524
39 0.020384
40 0.018448
41 0.016695
42 0.015109
43 0.013674
44 0.012375
45 0.011199
46 0.010135
47 0.009172
48 0.008301
49 0.007512
