0 0.000000
1 0.000163
2 0.000294
3 0.000399
4 0.000482
5 0.000545
6 0.000592
7 0.000625
8 0.000646
9 0.000658
10 0.000662
11 0.000659
12 0.000650
13 0.000637
14 0.000621
15 0.000602
16 0.000581
17 0.000559
18 0.000535
19 0.000511
20 0.000487
21 0.000463
22 0.000439
23 0.000415
24 0.000392
25 0.000370
26 0.000348
27 0.000327
28 0.000307
29 0.000287
30 0.000269
31 0.000252
32 0.000235
33 0.000219
34 0.000204
35 0.000190
36 0.000177
37 0.000165
38 0.000153
39 0.000142
40 0.000132
41 0.000123
42 0.000114
43 0.000105
44 0.000097
45 0.000090
46 0.000083
47 0.000077
48 0.000071
49 0.000066
