0 0.000000
1 0.000000
2 0.000000
3 0.000000
4 0.000001
5 0.000001
6 0.000001
7 0.000001
8 0.000001
9 0.000001
10 0.000002
11 0.000002
12 0.000002
13 0.000002
14 0.000002
15 0.000002
16 0.000002
17 0.000002
18 0.000003
19 0.000003
20 0.000003
21 0.000003
22 0.000003
23 0.000003
24 0.000003
25 0.000003
26 0.000003
27 0.000003
28 0.000004
29 0.000004
30 0.000004
31 0.000004
32 0.000004
33 0.000004
34 0.000004
35 0.000004
36 0.000004
37 0.000004
38 0.000004
39 0.000004
40 0.000005
41 0.000005
42 0.000005
43 0.000005
44 0.000005
45 0.000005
46 0.000005
47 0.000005
48 0.000005
49 0.000005
50 0.000005
51 0.000005
52 0.000005
53 0.000005
54 0.000005
55 0.000005
56 0.000005
57 0.000005
58 0.000005
59 0.000005
60 0.000006
61 0.000006
62 0.000006
63 0.000006
64 0.000006
65 0.000006
66 0.000006
67 0.000006
68 0.000006
69 0.000006
70 0.000006
71 0.000006
72 0.000006
73 0.000006
74 0.000006
75 0.000006
76 0.000006
77 0.000006
78 0.000006
79 0.000006
80 0.000006
81 0.000006
82 0.000006
83 0.000006
84 0.000006
85 0.000006
86 0.000006
87 0.000006
88 0.000006
89 0.000006
90 0.000006
91 0.000006
92 0.000006
93 0.000006
94 0.000006
95 0.000006
96 0.000006
97 0.000006
98 0.000006
99 0.000006
100 0.000006
101 0.000006
102 0.000006
103 0.000006
104 0.000006
105 0.000006
106 0.000006
107 0.000006
108 0.000006
109 0.000006
110 0.000006
111 0.000006
112 0.000006
113 0.000006
114 0.000006
115 0.000006
116 0.000006
117 0.000006
118 0.000006
119 0.000006
120 0.000006
121 0.000006
122 0.000006
123 0.000006
124 0.000006
125 0.000006
126 0.000006
127 0.000006
128 0.000006
129 0.000006
130 0.000006
131 0.000006
132 0.000006
133 0.000006
134 0.000006
135 0.000006
136 0.000006
137 0.000006
138 0.000006
139 0.000006
140 0.000006
141 0.000006
142 0.000006
143 0.000006
144 0.000006
145 0.000006
146 0.000006
147 0.000006
148 0.000006
149 0.000006
150 0.000006
151 0.000006
152 0.000006
153 0.000006
154 0.000006
155 0.000006
156 0.000006
157 0.000005
158 0.000005
159 0.000005
160 0.000005
161 0.000005
162 0.000005
163 0.000005
164 0.000005
165 0.000005
166 0.000005
167 0.000005
168 0.000005
169 0.000005
170 0.000005
171 0.000005
172 0.000005
173 0.000005
174 0.000005
175 0.000005
176 0.000005
177 0.000005
178 0.000005
179 0.000005
180 0.000005
181 0.000005
182 0.000005
183 0.000005
184 0.000005
185 0.000005
186 0.000005
187 0.000005
188 0.000005
189 0.000005
190 0.000005
191 0.000005
192 0.000005
193 0.000005
194 0.000005
195 0.000005
196 0.000005
197 0.000005
198 0.000005
199 0.000005
200 0.000005
201 0.000005
202 0.000004
203 0.000004
204 0.000004
205 0.000004
206 0.000004
207 0.000004
208 0.000004
209 0.000004
210 0.000004
211 0.000004
212 0.000004
213 0.000004
214 0.000004
215 0.000004
216 0.000004
217 0.000004
218 0.000004
219 0.000004
220 0.000004
221 0.000004
222 0.000004
223 0.000004
224 0.000004
225 0.000004
226 0.000004
227 0.000004
228 0.000004
229 0.000004
230 0.000004
231 0.000004
232 0.000004
233 0.000004
234 0.000004
235 0.000004
236 0.000004
237 0.000004
238 0.000004
239 0.000004
240 0.000004
241 0.000004
242 0.000004
243 0.000004
244 0.000004
245 0.000004
246 0.000004
247 0.000004
248 0.000003
249 0.000003
250 0.000003
251 0.000003
252 0.000003
253 0.000003
254 0.000003
255 0.000003
256 0.000003
257 0.000003
258 0.000003
259 0.000003
260 0.000003
261 0.000003
262 0.000003
263 0.000003
264 0.000003
265 0.000003
266 0.000003
267 0.000003
268 0.000003
269 0.000003
270 0.000003
271 0.000003
272 0.000003
273 0.000003
274 0.000003
275 0.000003
276 0.000003
277 0.000003
278 0.000003
279 0.000003
280 0.000003
281 0.000003
282 0.000003
283 0.000003
284 0.000003
285 0.000003
286 0.000003
287 0.000003
288 0.000003
289 0.000003
290 0.000003
291 0.000003
292 0.000003
293 0.000003
294 0.000003
295 0.000003
296 0.000003
297 0.000003
298 0.000003
299 0.000003
300 0.000003
301 0.000002
302 0.000002
303 0.000002
304 0.000002
305 0.000002
306 0.000002
307 0.000002
308 0.000002
309 0.000002
310 0.000002
311 0.000002
312 0.000002
313 0.000002
314 0.000002
315 0.000002
316 0.000002
317 0.000002
318 0.000002
319 0.000002
320 0.000002
321 0.000002
322 0.000002
323 0.000002
324 0.000002
325 0.000002
326 0.000002
327 0.000002
328 0.000002
329 0.000002
330 0.000002
331 0.000002
332 0.000002
333 0.000002
334 0.000002
335 0.000002
336 0.000002
337 0.000002
338 0.000002
339 0.000002
340 0.000002
341 0.000002
342 0.000002
343 0.000002
344 0.000002
345 0.000002
346 0.000002
347 0.000002
348 0.000002
349 0.000002
350 0.000002
351 0.000002
352 0.000002
353 0.000002
354 0.000002
355 0.000002
356 0.000002
357 0.000002
358 0.000002
359 0.000002
360 0.000002
361 0.000002
362 0.000002
363 0.000002
364 0.000002
365 0.000002
366 0.000002
367 0.000002
368 0.000002
369 0.000002
370 0.000002
371 0.000002
372 0.000002
373 0.000002
374 0.000001
375 0.000001
376 0.000001
377 0.000001
378 0.000001
379 0.000001
380 0.000001
381 0.000001
382 0.000001
383 0.000001
384 0.000001
385 0.000001
386 0.000001
387 0.000001
388 0.000001
389 0.000001
390 0.000001
391 0.000001
392 0.000001
393 0.000001
394 0.000001
395 0.000001
396 0.000001
397 0.000001
398 0.000001
399 0.000001
400 0.000001
401 0.000001
402 0.000001
403 0.000001
404 0.000001
405 0.000001
406 0.000001
407 0.000001
408 0.000001
409 0.000001
410 0.000001
411 0.000001
412 0.000001
413 0.000001
414 0.000001
415 0.000001
416 0.000001
417 0.000001
418 0.000001
419 0.000001
420 0.000001
421 0.000001
422 0.000001
423 0.000001
424 0.000001
425 0.000001
426 0.000001
427 0.000001
428 0.000001
429 0.000001
430 0.000001
431 0.000001
432 0.000001
433 0.000001
434 0.000001
435 0.000001
436 0.000001
437 0.000001
438 0.000001
439 0.000001
440 0.000001
441 0.000001
442 0.000001
443 0.000001
444 0.000001
445 0.000001
446 0.000001
447 0.000001
448 0.000001
449 0.000001
450 0.000001
451 0.000001
452 0.000001
453 0.000001
454 0.000001
455 0.000001
456 0.000001
457 0.000001
458 0.000001
459 0.000001
460 0.000001
461 0.000001
462 0.000001
463 0.000001
464 0.000001
465 0.000001
466 0.000001
467 0.000001
468 0.000001
469 0.000001
470 0.000001
471 0.000001
472 0.000001
473 0.000001
474 0.000001
475 0.000001
476 0.000001
477 0.000001
478 0.000001
479 0.000001
480 0.000001
481 0.000001
482 0.000001
483 0.000001
484 0.000001
485 0.000001
486 0.000001
487 0.000001
488 0.000001
489 0.000001
490 0.000001
491 0.000001
492 0.000001
493 0.000001
494 0.000001
495 0.000001
496 0.000001
497 0.000001
498 0.000001
499 0.000001
