0 1.000000
1 0.904837
2 0.818731
3 0.740818
4 0.670320
5 0.606531
6 0.548812
7 0.496586
8 0.449329
9 0.406570
10 0.367880
11 0.332871
12 0.301195
13 0.272532
14 0.246597
15 0.223130
16 0.201897
17 0.182684
18 0.165299
19 0.149569
20 0.135336
21 0.122457
22 0.110803
23 0.100259
24 0.090718
25 0.082085
26 0.074274
27 0.067206
28 0.060810
29 0.055023
30 0.049787
31 0.045049
32 0.040762
33 0.036883
34 0.033373
35 0.030197
36 0.027324
37 0.024724
38 0.022371
39 0.020242
40 0.018316
41 0.016573
42 0.014996
43 0.013569
44 0.012277
45 0.011109
46 0.010052
47 0.009095
48 0.008230
49 0.007447
