0 1.000000
1 0.990050
2 0.980199
3 0.970446
4 0.960789
5 0.951229
6 0.941765
7 0.932394
8 0.923116
9 0.913931
10 0.904837
11 0.895834
12 0.886920
13 0.878095
14 0.869358
15 0.860708
16 0.852144
17 0.843665
18 0.835270
19 0.826959
20 0.818731
21 0.810584
22 0.802519
23 0.794534
24 0.786628
25 0.778801
26 0.771052
27 0.763379
28 0.755784
29 0.748264
30 0.740818
31 0.733447
32 0.726149
33 0.718924
34 0.711770
35 0.704688
36 0.697676
37 0.690734
38 0.683861
39 0.677057
40 0.670320
41 0.663650
42 0.657047
43 0.650509
44 0.644036
45 0.637628
46 0.631284
47 0.625002
48 0.618783
49 0.612626
50 0.606531
51 0.600496
52 0.594521
53 0.588605
54 0.582748
55 0.576950
56 0.571209
57 0.565525
58 0.559898
59 0.554327
60 0.548812
61 0.543351
62 0.537944
63 0.532592
64 0.527292
65 0.522046
66 0.516851
67 0.511709
68 0.506617
69 0.501576
70 0.496585
71 0.491644
72 0.486752
73 0.481909
74 0.477114
75 0.472367
76 0.467666
77 0.463013
78 0.458406
79 0.453845
80 0.449329
81 0.444858
82 0.440432
83 0.436049
84 0.431711
85 0.427415
86 0.423162
87 0.418952
88 0.414783
89 0.410656
90 0.406570
91 0.402524
92 0.398519
93 0.394554
94 0.390628
95 0.386741
96 0.382893
97 0.379083
98 0.375311
99 0.371577
100 0.367879
101 0.364219
102 0.360595
103 0.357007
104 0.353455
105 0.349938
106 0.346456
107 0.343009
108 0.339596
109 0.336216
110 0.332871
111 0.329559
112 0.326280
113 0.323033
114 0.319819
115 0.316637
116 0.313486
117 0.310367
118 0.307279
119 0.304221
120 0.301194
121 0.298197
122 0.295230
123 0.292293
124 0.289384
125 0.286505
126 0.283654
127 0.280832
128 0.278037
129 0.275271
130 0.272532
131 0.269820
132 0.267135
133 0.264477
134 0.261846
135 0.259240
136 0.256661
137 0.254107
138 0.251579
139 0.249075
140 0.246597
141 0.244143
142 0.241714
143 0.239309
144 0.236928
145 0.234570
146 0.232236
147 0.229925
148 0.227638
149 0.225373
150 0.223130
151 0.220910
152 0.218712
153 0.216536
154 0.214381
155 0.212248
156 0.210136
157 0.208045
158 0.205975
159 0.203926
160 0.201897
161 0.199888
162 0.197899
163 0.195930
164 0.193980
165 0.192050
166 0.190139
167 0.188247
168 0.186374
169 0.184520
170 0.182684
171 0.180866
172 0.179066
173 0.177284
174 0.175520
175 0.173774
176 0.172045
177 0.170333
178 0.168638
179 0.166960
180 0.165299
181 0.163654
182 0.162026
183 0.160414
184 0.158817
185 0.157237
186 0.155673
187 0.154124
188 0.152590
189 0.151072
190 0.149569
191 0.148080
192 0.146607
193 0.145148
194 0.143704
195 0.142274
196 0.140858
197 0.139457
198 0.138069
199 0.136695
200 0.135335
201 0.133989
202 0.132655
203 0.131336
204 0.130029
205 0.128735
206 0.127454
207 0.126186
208 0.124930
209 0.123687
210 0.122456
211 0.121238
212 0.120032
213 0.118837
214 0.117655
215 0.116484
216 0.115325
217 0.114178
218 0.113042
219 0.111917
220 0.110803
221 0.109701
222 0.108609
223 0.107528
224 0.106459
225 0.105399
226 0.104350
227 0.103312
228 0.102284
229 0.101266
230 0.100259
231 0.099261
232 0.098274
233 0.097296
234 0.096328
235 0.095369
236 0.094420
237 0.093481
238 0.092551
239 0.091630
240 0.090718
241 0.089815
242 0.088922
243 0.088037
244 0.087161
245 0.086294
246 0.085435
247 0.084585
248 0.083743
249 0.082910
250 0.082085
251 0.081268
252 0.080460
253 0.079659
254 0.078866
255 0.078082
256 0.077305
257 0.076536
258 0.075774
259 0.075020
260 0.074274
261 0.073535
262 0.072803
263 0.072078
264 0.071361
265 0.070651
266 0.069948
267 0.069252
268 0.068563
269 0.067881
270 0.067206
271 0.066537
272 0.065875
273 0.065219
274 0.064570
275 0.063928
276 0.063292
277 0.062662
278 0.062039
279 0.061421
280 0.060810
281 0.060205
282 0.059606
283 0.059013
284 0.058426
285 0.057844
286 0.057269
287 0.056699
288 0.056135
289 0.055576
290 0.055023
291 0.054476
292 0.053934
293 0.053397
294 0.052866
295 0.052340
296 0.051819
297 0.051303
298 0.050793
299 0.050287
300 0.049787
301 0.049292
302 0.048801
303 0.048316
304 0.047835
305 0.047359
306 0.046888
307 0.046421
308 0.045959
309 0.045502
310 0.045049
311 0.044601
312 0.044157
313 0.043718
314 0.043283
315 0.042852
316 0.042426
317 0.042004
318 0.041586
319 0.041172
320 0.040762
321 0.040357
322 0.039955
323 0.039557
324 0.039164
325 0.038774
326 0.038388
327 0.038006
328 0.037628
329 0.037254
330 0.036883
331 0.036516
332 0.036153
333 0.035793
334 0.035437
335 0.035084
336 0.034735
337 0.034390
338 0.034047
339 0.033709
340 0.033373
341 0.033041
342 0.032712
343 0.032387
344 0.032065
345 0.031746
346 0.031430
347 0.031117
348 0.030807
349 0.030501
350 0.030197
351 0.029897
352 0.029599
353 0.029305
354 0.029013
355 0.028725
356 0.028439
357 0.028156
358 0.027876
359 0.027598
360 0.027324
361 0.027052
362 0.026783
363 0.026516
364 0.026252
365 0.025991
366 0.025733
367 0.025476
368 0.025223
369 0.024972
370 0.024724
371 0.024478
372 0.024234
373 0.023993
374 0.023754
375 0.023518
376 0.023284
377 0.023052
378 0.022823
379 0.022596
380 0.022371
381 0.022148
382 0.021928
383 0.021710
384 0.021494
385 0.021280
386 0.021068
387 0.020858
388 0.020651
389 0.020445
390 0.020242
391 0.020041
392 0.019841
393 0.019644
394 0.019448
395 0.019255
396 0.019063
397 0.018873
398 0.018686
399 0.018500
400 0.018316
401 0.018133
402 0.017953
403 0.017774
404 0.017597
405 0.017422
406 0.017249
407 0.017077
408 0.016907
409 0.016739
410 0.016573
411 0.016408
412 0.016245
413 0.016083
414 0.015923
415 0.015764
416 0.015608
417 0.015452
418 0.015299
419 0.015146
420 0.014996
421 0.014846
422 0.014699
423 0.014552
424 0.014408
425 0.014264
426 0.014122
427 0.013982
428 0.013843
429 0.013705
430 0.013569
431 0.013434
432 0.013300
433 0.013168
434 0.013037
435 0.012907
436 0.012778
437 0.012651
438 0.012525
439 0.012401
440 0.012277
441 0.012155
442 0.012034
443 0.011914
444 0.011796
445 0.011679
446 0.011562
447 0.011447
448 0.011333
449 0.011221
450 0.011109
451 0.010998
452 0.010889
453 0.010781
454 0.010673
455 0.010567
456 0.010462
457 0.010358
458 0.010255
459 0.010153
460 0.010052
461 0.009952
462 0.009853
463 0.009755
464 0.009658
465 0.009562
466 0.009466
467 0.009372
468 0.009279
469 0.009187
470 0.009095
471 0.009005
472 0.008915
473 0.008826
474 0.008739
475 0.008652
476 0.008566
477 0.008480
478 0.008396
479 0.008312
480 0.008230
481 0.008148
482 0.008067
483 0.007987
484 0.007907
485 0.007828
486 0.007750
487 0.007673
488 0.007597
489 0.007521
490 0.007447
491 0.007372
492 0.007299
493 0.007227
494 0.007155
495 0.007083
496 0.007013
497 0.006943
498 0.006874
499 0.006806
